0.00000000 0.06041667 0.49953704 0.00729167 0.02870370
0.00000000 0.04088542 0.49907407 0.00677083 0.02777778
0.00000000 0.72395833 0.47407407 0.01354167 0.06111111
0.00000000 0.04687500 0.49305556 0.00625000 0.02314815
0.00000000 0.23671875 0.50925926 0.03489583 0.15185185
0.00000000 0.15677083 0.49768519 0.02187500 0.09722222
0.00000000 0.34635417 0.61851852 0.05625000 0.33148148
0.00000000 0.09635417 0.50972222 0.03958333 0.16574074
0.00000000 0.91666667 0.48194444 0.01354167 0.06944444
0.00000000 0.61015625 0.46990741 0.00781250 0.04351852
0.00000000 0.83906250 0.47407407 0.01145833 0.05925926
0.00000000 0.57317708 0.59120370 0.08489583 0.29537037
0.00000000 0.98072917 0.48888889 0.01145833 0.07592593
0.00000000 0.99062500 0.48981481 0.01875000 0.09814815
0.00000000 0.57994792 0.48425926 0.02343750 0.09814815
0.00000000 0.70781250 0.47638889 0.01250000 0.05648148
0.00000000 0.78776042 0.47314815 0.00989583 0.06111111
0.00000000 0.71770833 0.47685185 0.01145833 0.05555556
0.00000000 0.02526042 0.49907407 0.02031250 0.03333333
0.00000000 0.69583333 0.71527778 0.11666667 0.56944444
0.00000000 0.12942708 0.50324074 0.02135417 0.10092593
0.00000000 0.06484375 0.48472222 0.01406250 0.07129630
0.00000000 0.07317708 0.50231481 0.02968750 0.11018519
0.00000000 0.02500000 0.48518519 0.01979167 0.07407407
0.00000000 0.55078125 0.47361111 0.01197917 0.04537037
0.00000000 0.59322917 0.47268519 0.01145833 0.05648148
0.00000000 0.51875000 0.47500000 0.01354167 0.06111111
0.00000000 0.63515625 0.47129630 0.00781250 0.04629630
0.00000000 0.69817708 0.46898148 0.00677083 0.04351852
0.00000000 0.16093750 0.50185185 0.03645833 0.10555556
0.00000000 0.42213542 0.47870370 0.01927083 0.06851852
0.00000000 0.86848958 0.47175926 0.00989583 0.05648148
0.00000000 0.79583333 0.47268519 0.00937500 0.05092593
0.00000000 0.73723958 0.46898148 0.01093750 0.04907407
0.00000000 0.75651042 0.47037037 0.01093750 0.04629630
0.00000000 0.95520833 0.64074074 0.08958333 0.42777778
