0.00000000 0.06015625 0.50000000 0.00781250 0.02777778
0.00000000 0.04114583 0.50000000 0.00729167 0.02777778
0.00000000 0.73098958 0.47592593 0.02031250 0.05925926
0.00000000 0.04687500 0.49398148 0.00625000 0.02314815
0.00000000 0.24270833 0.51064815 0.03645833 0.15833333
0.00000000 0.15911458 0.49768519 0.02343750 0.09722222
0.00000000 0.33645833 0.64027778 0.05729167 0.36203704
0.00000000 0.09479167 0.51296296 0.04375000 0.15740741
0.00000000 0.60598958 0.46944444 0.00572917 0.04444444
0.00000000 0.67500000 0.47685185 0.01145833 0.05925926
0.00000000 0.54218750 0.60000000 0.06354167 0.31296296
0.00000000 0.97083333 0.49074074 0.02812500 0.07407407
0.00000000 0.99166667 0.49166667 0.01666667 0.10370370
0.00000000 0.58411458 0.48703704 0.02656250 0.10000000
0.00000000 0.71197917 0.47731481 0.01770833 0.05462963
0.00000000 0.57604167 0.47407407 0.01145833 0.04814815
0.00000000 0.94791667 0.48518519 0.01041667 0.07037037
0.00000000 0.79739583 0.47361111 0.01250000 0.06388889
0.00000000 0.71406250 0.47824074 0.01458333 0.05092593
0.00000000 0.66770833 0.47500000 0.00833333 0.05000000
0.00000000 0.65807292 0.47129630 0.00572917 0.05000000
0.00000000 0.84739583 0.46388889 0.00625000 0.03148148
0.00000000 0.02526042 0.49907407 0.02031250 0.03333333
0.00000000 0.62786458 0.71018519 0.13385417 0.53888889
0.00000000 0.12500000 0.50462963 0.01979167 0.09629630
0.00000000 0.06354167 0.48425926 0.01458333 0.06666667
0.00000000 0.07031250 0.50185185 0.02500000 0.10740741
0.00000000 0.02630208 0.48472222 0.02031250 0.07314815
0.00000000 0.55625000 0.46990741 0.00833333 0.04537037
0.00000000 0.59739583 0.47361111 0.01041667 0.05462963
0.00000000 0.51145833 0.47453704 0.01666667 0.06203704
0.00000000 0.64088542 0.47083333 0.01093750 0.04537037
0.00000000 0.70104167 0.46805556 0.01041667 0.04537037
0.00000000 0.14010417 0.50046296 0.02708333 0.11018519
0.00000000 0.41536458 0.47685185 0.00989583 0.06851852
0.00000000 0.65130208 0.47453704 0.00781250 0.04907407
0.00000000 0.86614583 0.47268519 0.01354167 0.05277778
0.00000000 0.77864583 0.47500000 0.00833333 0.04814815
0.00000000 0.80520833 0.47222222 0.01458333 0.05000000
0.00000000 0.85468750 0.47129630 0.01250000 0.05555556
0.00000000 0.73723958 0.46805556 0.00989583 0.04722222
0.00000000 0.75651042 0.47129630 0.01093750 0.04629630
0.00000000 0.98281250 0.48842593 0.02395833 0.07314815
0.00000000 0.92187500 0.64953704 0.12812500 0.41944444
