0.00000000 0.04088542 0.49907407 0.00677083 0.02777778
0.00000000 0.73697917 0.47453704 0.01250000 0.06203704
0.00000000 0.04661458 0.49351852 0.00677083 0.02407407
0.00000000 0.25156250 0.51250000 0.03125000 0.15833333
0.00000000 0.15937500 0.50000000 0.02500000 0.10000000
0.00000000 0.32395833 0.64351852 0.07291667 0.38518519
0.00000000 0.09375000 0.50787037 0.03750000 0.15648148
0.00000000 0.92890625 0.48518519 0.00885417 0.07222222
0.00000000 0.82109375 0.47314815 0.00885417 0.05925926
0.00000000 0.68359375 0.47685185 0.01718750 0.05925926
0.00000000 0.49218750 0.60046296 0.09479167 0.31388889
0.00000000 0.95963542 0.48888889 0.01302083 0.07407407
0.00000000 0.99114583 0.49120370 0.01770833 0.10277778
0.00000000 0.59218750 0.48240741 0.01666667 0.09629630
0.00000000 0.72239583 0.47592593 0.01458333 0.05740741
0.00000000 0.94088542 0.48611111 0.01927083 0.07222222
0.00000000 0.78776042 0.47500000 0.02031250 0.06481481
0.00000000 0.70859375 0.47638889 0.00885417 0.05462963
0.00000000 0.67291667 0.47638889 0.01354167 0.04907407
0.00000000 0.02526042 0.50000000 0.02031250 0.03148148
0.00000000 0.57604167 0.68287037 0.09375000 0.49537037
0.00000000 0.12473958 0.50370370 0.02447917 0.10000000
0.00000000 0.06692708 0.49861111 0.02343750 0.10648148
0.00000000 0.02656250 0.48518519 0.01770833 0.07407407
0.00000000 0.56145833 0.46944444 0.01041667 0.04629630
0.00000000 0.60260417 0.47361111 0.00937500 0.05462963
0.00000000 0.64479167 0.47037037 0.01145833 0.04444444
0.00000000 0.70182292 0.46805556 0.01197917 0.04537037
0.00000000 0.12708333 0.50462963 0.04270833 0.10925926
0.00000000 0.41015625 0.47685185 0.01510417 0.06666667
0.00000000 0.65312500 0.47361111 0.00937500 0.05092593
0.00000000 0.98645833 0.48935185 0.01458333 0.07870370
0.00000000 0.77265625 0.47500000 0.01406250 0.04629630
0.00000000 0.81093750 0.47222222 0.01145833 0.05185185
0.00000000 0.86041667 0.47129630 0.01250000 0.05555556
0.00000000 0.74062500 0.47083333 0.01041667 0.04537037
0.00000000 0.75520833 0.47083333 0.00937500 0.04722222
0.00000000 0.89947917 0.66018519 0.10520833 0.44629630
