0.00000000 0.04062500 0.50000000 0.00729167 0.02777778
0.00000000 0.74765625 0.47500000 0.02239583 0.06111111
0.00000000 0.04713542 0.49398148 0.00677083 0.02314815
0.00000000 0.26067708 0.51759259 0.03281250 0.16666667
0.00000000 0.16197917 0.49861111 0.02395833 0.10277778
0.00000000 0.31875000 0.67314815 0.08645833 0.42037037
0.00000000 0.09322917 0.51064815 0.03750000 0.14722222
0.00000000 0.93906250 0.48842593 0.02812500 0.07314815
0.00000000 0.69270833 0.47638889 0.00937500 0.06018519
0.00000000 0.46380208 0.60694444 0.07031250 0.31944444
0.00000000 0.95885417 0.48842593 0.01770833 0.07314815
0.00000000 0.99166667 0.49166667 0.01666667 0.10000000
0.00000000 0.59713542 0.48611111 0.02239583 0.09629630
0.00000000 0.72890625 0.47685185 0.02031250 0.05555556
0.00000000 0.58593750 0.47407407 0.00729167 0.05000000
0.00000000 0.93593750 0.48564815 0.01458333 0.07129630
0.00000000 0.81640625 0.47453704 0.01927083 0.06203704
0.00000000 0.77864583 0.47361111 0.01145833 0.06759259
0.00000000 0.70182292 0.47777778 0.01718750 0.05370370
0.00000000 0.67838542 0.47685185 0.00781250 0.05185185
0.00000000 0.64973958 0.47175926 0.00989583 0.04722222
0.00000000 0.02526042 0.49861111 0.02031250 0.03425926
0.00000000 0.96458333 0.69398148 0.07083333 0.45462963
0.00000000 0.52734375 0.66157407 0.12135417 0.43425926
0.00000000 0.12473958 0.50555556 0.02656250 0.09444444
0.00000000 0.06067708 0.49490741 0.02760417 0.10648148
0.00000000 0.02578125 0.48518519 0.01822917 0.07407407
0.00000000 0.56484375 0.46944444 0.01197917 0.04629630
0.00000000 0.60989583 0.47407407 0.01250000 0.05370370
0.00000000 0.49895833 0.47407407 0.01041667 0.06296296
0.00000000 0.70286458 0.46759259 0.00885417 0.04444444
0.00000000 0.10442708 0.50231481 0.02239583 0.11388889
0.00000000 0.40286458 0.47916667 0.01614583 0.07129630
0.00000000 0.65338542 0.47361111 0.01197917 0.04907407
0.00000000 0.98229167 0.48796296 0.01666667 0.07777778
0.00000000 0.76953125 0.47361111 0.01197917 0.04722222
0.00000000 0.74479167 0.46990741 0.00937500 0.04907407
0.00000000 0.75494792 0.47083333 0.01197917 0.04537037
0.00000000 0.85885417 0.68472222 0.14166667 0.49166667
