0.00000000 0.04114583 0.49907407 0.00729167 0.02777778
0.00000000 0.75260417 0.47361111 0.01666667 0.06203704
0.00000000 0.04713542 0.49444444 0.00677083 0.02222222
0.00000000 0.26354167 0.52129630 0.04375000 0.17222222
0.00000000 0.16536458 0.50138889 0.02343750 0.10277778
0.00000000 0.31250000 0.67546296 0.08437500 0.45092593
0.00000000 0.09218750 0.50601852 0.03541667 0.14722222
0.00000000 0.69973958 0.47685185 0.01927083 0.05740741
0.00000000 0.40494792 0.61111111 0.10364583 0.32962963
0.00000000 0.99166667 0.48888889 0.01666667 0.09444444
0.00000000 0.60390625 0.48379630 0.01822917 0.09722222
0.00000000 0.73567708 0.47500000 0.01302083 0.05740741
0.00000000 0.59140625 0.47592593 0.01093750 0.04814815
0.00000000 0.93359375 0.48425926 0.01822917 0.07222222
0.00000000 0.76927083 0.47546296 0.02187500 0.06388889
0.00000000 0.69895833 0.47777778 0.01250000 0.05370370
0.00000000 0.68385417 0.47870370 0.01354167 0.05185185
0.00000000 0.64244792 0.47083333 0.00781250 0.04907407
0.00000000 0.02526042 0.49907407 0.02031250 0.03333333
0.00000000 0.96015625 0.66527778 0.07968750 0.46944444
0.00000000 0.49687500 0.64398148 0.08020833 0.41203704
0.00000000 0.11848958 0.50231481 0.01927083 0.09537037
0.00000000 0.05859375 0.49537037 0.02864583 0.10370370
0.00000000 0.02682292 0.48472222 0.01822917 0.07314815
0.00000000 0.57109375 0.46759259 0.00989583 0.04444444
0.00000000 0.61614583 0.47453704 0.00833333 0.05462963
0.00000000 0.49375000 0.47453704 0.01354167 0.06018519
0.00000000 0.65234375 0.46990741 0.00677083 0.04351852
0.00000000 0.70364583 0.46712963 0.00833333 0.04351852
0.00000000 0.08697917 0.50509259 0.04791667 0.11018519
0.00000000 0.39453125 0.47824074 0.01406250 0.07314815
0.00000000 0.65494792 0.47361111 0.01093750 0.04907407
0.00000000 0.98125000 0.48657407 0.01875000 0.07129630
0.00000000 0.85208333 0.47222222 0.01145833 0.05185185
0.00000000 0.76276042 0.47083333 0.01302083 0.04537037
0.00000000 0.86666667 0.47222222 0.00937500 0.05740741
0.00000000 0.74375000 0.46990741 0.01145833 0.04722222
0.00000000 0.75494792 0.47175926 0.00989583 0.04722222
0.00000000 0.81875000 0.69861111 0.11250000 0.52685185
