0.00000000 0.04114583 0.49953704 0.00729167 0.02870370
0.00000000 0.04739583 0.49490741 0.00625000 0.02314815
0.00000000 0.26666667 0.52638889 0.04270833 0.17500000
0.00000000 0.16848958 0.49953704 0.02447917 0.10833333
0.00000000 0.30234375 0.72222222 0.08072917 0.50925926
0.00000000 0.09348958 0.50925926 0.03802083 0.14074074
0.00000000 0.96197917 0.49027778 0.02395833 0.07500000
0.00000000 0.59166667 0.46990741 0.00833333 0.04351852
0.00000000 0.79479167 0.47314815 0.01666667 0.05555556
0.00000000 0.71067708 0.47500000 0.00885417 0.05925926
0.00000000 0.37395833 0.61990741 0.08645833 0.34166667
0.00000000 0.97291667 0.48981481 0.02604167 0.07037037
0.00000000 0.99062500 0.48981481 0.01875000 0.09074074
0.00000000 0.60963542 0.48240741 0.02343750 0.08888889
0.00000000 0.59921875 0.47453704 0.00885417 0.05092593
0.00000000 0.93437500 0.48611111 0.01666667 0.07222222
0.00000000 0.83489583 0.47592593 0.02083333 0.06481481
0.00000000 0.69244792 0.47638889 0.00989583 0.05462963
0.00000000 0.68880208 0.47916667 0.01093750 0.05277778
0.00000000 0.63854167 0.47129630 0.01145833 0.04629630
0.00000000 0.02526042 0.49861111 0.02031250 0.03425926
0.00000000 0.89010417 0.65416667 0.15937500 0.42870370
0.00000000 0.44921875 0.63750000 0.09114583 0.38611111
0.00000000 0.11484375 0.50138889 0.02031250 0.09351852
0.00000000 0.05729167 0.49444444 0.02916667 0.10370370
0.00000000 0.02786458 0.48518519 0.01510417 0.07222222
0.00000000 0.48567708 0.47500000 0.01406250 0.06481481
0.00000000 0.70260417 0.46805556 0.00833333 0.04537037
0.00000000 0.06510417 0.50277778 0.02291667 0.11851852
0.00000000 0.65703125 0.47268519 0.00885417 0.04907407
0.00000000 0.97864583 0.48564815 0.02083333 0.07314815
0.00000000 0.84869792 0.47129630 0.00781250 0.05370370
0.00000000 0.98776042 0.48657407 0.02031250 0.07685185
0.00000000 0.87083333 0.47222222 0.01250000 0.05740741
0.00000000 0.75520833 0.70138889 0.15937500 0.52129630
0.00000000 0.97578125 0.61342593 0.04843750 0.35277778
