0.00000000 0.77213542 0.47453704 0.01927083 0.06203704
0.00000000 0.17057292 0.50185185 0.02760417 0.10555556
0.00000000 0.27942708 0.72962963 0.09635417 0.54074074
0.00000000 0.09375000 0.50648148 0.03437500 0.14074074
0.00000000 0.97057292 0.49074074 0.01718750 0.07407407
0.00000000 0.58828125 0.46944444 0.00572917 0.04444444
0.00000000 0.78619792 0.47361111 0.00677083 0.05648148
0.00000000 0.71848958 0.47546296 0.01718750 0.05833333
0.00000000 0.32656250 0.61805556 0.06979167 0.34907407
0.00000000 0.61432292 0.48194444 0.02135417 0.08796296
0.00000000 0.74635417 0.47453704 0.01666667 0.05833333
0.00000000 0.60468750 0.47638889 0.01354167 0.04907407
0.00000000 0.93906250 0.48657407 0.01666667 0.07314815
0.00000000 0.84531250 0.47546296 0.01041667 0.06574074
0.00000000 0.75286458 0.47500000 0.02135417 0.06296296
0.00000000 0.63385417 0.47037037 0.00520833 0.04814815
0.00000000 0.96328125 0.69629630 0.07343750 0.49814815
0.00000000 0.02395833 0.49861111 0.01770833 0.03425926
0.00000000 0.85729167 0.64907407 0.14895833 0.40740741
0.00000000 0.41614583 0.62824074 0.07291667 0.37500000
0.00000000 0.11119792 0.49351852 0.02031250 0.09259259
0.00000000 0.05703125 0.49259259 0.02760417 0.10370370
0.00000000 0.02864583 0.48611111 0.01250000 0.07222222
0.00000000 0.57968750 0.46759259 0.00625000 0.04444444
0.00000000 0.66067708 0.46898148 0.01093750 0.04351852
0.00000000 0.04947917 0.50740741 0.05104167 0.11481481
0.00000000 0.65859375 0.47314815 0.00885417 0.04814815
0.00000000 0.97604167 0.48518519 0.02083333 0.07222222
0.00000000 0.87343750 0.47268519 0.01354167 0.05833333
0.00000000 0.73854167 0.47037037 0.01041667 0.04814815
0.00000000 0.75963542 0.47175926 0.01093750 0.04722222
0.00000000 0.72161458 0.71712963 0.14427083 0.54722222
0.00000000 0.96250000 0.62962963 0.07500000 0.36481481
