0.00000000 0.04114583 0.49953704 0.00729167 0.02870370
0.00000000 0.04713542 0.49398148 0.00677083 0.02500000
0.00000000 0.28932292 0.53518519 0.02968750 0.18703704
0.00000000 0.17317708 0.50000000 0.02552083 0.11111111
0.00000000 0.23802083 0.73009259 0.15104167 0.53981481
0.00000000 0.09244792 0.50740741 0.03281250 0.13333333
0.00000000 0.72786458 0.47361111 0.00989583 0.06018519
0.00000000 0.29531250 0.62500000 0.08750000 0.35185185
0.00000000 0.98932292 0.48935185 0.02135417 0.08611111
0.00000000 0.75911458 0.47268519 0.01614583 0.05833333
0.00000000 0.85572917 0.47592593 0.01979167 0.06481481
0.00000000 0.74557292 0.47222222 0.00989583 0.06111111
0.00000000 0.68437500 0.47453704 0.01041667 0.05277778
0.00000000 0.70234375 0.47870370 0.01406250 0.05185185
0.00000000 0.93177083 0.67500000 0.13645833 0.48518519
0.00000000 0.02395833 0.50000000 0.01770833 0.03148148
0.00000000 0.78515625 0.62962963 0.09218750 0.39814815
0.00000000 0.37994792 0.61388889 0.08385417 0.34259259
0.00000000 0.11145833 0.49398148 0.02500000 0.09166667
0.00000000 0.10130208 0.50509259 0.02552083 0.10462963
0.00000000 0.05520833 0.49305556 0.02916667 0.10092593
0.00000000 0.03020833 0.48287037 0.01250000 0.06944444
0.00000000 0.66458333 0.46851852 0.00625000 0.04444444
0.00000000 0.69947917 0.46851852 0.00625000 0.04444444
0.00000000 0.02890625 0.50601852 0.03906250 0.11388889
0.00000000 0.65885417 0.47175926 0.01041667 0.04907407
0.00000000 0.84192708 0.47175926 0.01302083 0.05277778
0.00000000 0.75182292 0.46944444 0.01093750 0.04259259
0.00000000 0.87968750 0.47268519 0.00937500 0.05833333
0.00000000 0.73828125 0.46990741 0.01093750 0.04907407
0.00000000 0.76432292 0.47314815 0.00885417 0.05000000
0.00000000 0.64192708 0.71944444 0.13593750 0.56111111
