0.00000000 0.04140625 0.50046296 0.00781250 0.02685185
0.00000000 0.04765625 0.49537037 0.00677083 0.02222222
0.00000000 0.29765625 0.53379630 0.04010417 0.19537037
0.00000000 0.17395833 0.50185185 0.02500000 0.10740741
0.00000000 0.19583333 0.73379630 0.16562500 0.53240741
0.00000000 0.08802083 0.50601852 0.03125000 0.13240741
0.00000000 0.99348958 0.49259259 0.01302083 0.07407407
0.00000000 0.23437500 0.63935185 0.09375000 0.39351852
0.00000000 0.98567708 0.48796296 0.02343750 0.08888889
0.00000000 0.95390625 0.48796296 0.01927083 0.07222222
0.00000000 0.90026042 0.67361111 0.13802083 0.50833333
0.00000000 0.75390625 0.63657407 0.12864583 0.37314815
0.00000000 0.36640625 0.61203704 0.07447917 0.33333333
0.00000000 0.10859375 0.49166667 0.02135417 0.08888889
0.00000000 0.05781250 0.48611111 0.01562500 0.06851852
0.00000000 0.10260417 0.50787037 0.02708333 0.10462963
0.00000000 0.05416667 0.49120370 0.03020833 0.10092593
0.00000000 0.03072917 0.48611111 0.01666667 0.07222222
0.00000000 0.01875000 0.50555556 0.03645833 0.11481481
0.00000000 0.96822917 0.48333333 0.01562500 0.07037037
0.00000000 0.83645833 0.47175926 0.01041667 0.05462963
0.00000000 0.96822917 0.48564815 0.01979167 0.06944444
0.00000000 0.59218750 0.72361111 0.13750000 0.55277778
0.00000000 0.93697917 0.63611111 0.07500000 0.37222222
