0.00000000 0.04166667 0.50046296 0.00729167 0.02870370
0.00000000 0.04765625 0.49490741 0.00677083 0.02314815
0.00000000 0.29817708 0.54398148 0.04531250 0.19907407
0.00000000 0.18020833 0.49907407 0.02291667 0.10740741
0.00000000 0.13489583 0.72870370 0.14791667 0.54259259
0.00000000 0.08645833 0.50648148 0.03437500 0.12777778
0.00000000 0.17604167 0.66064815 0.14062500 0.41388889
0.00000000 0.82369792 0.68148148 0.18593750 0.48518519
0.00000000 0.02395833 0.49861111 0.01770833 0.03425926
0.00000000 0.71119792 0.61018519 0.05677083 0.35370370
0.00000000 0.33411458 0.59814815 0.07343750 0.31851852
0.00000000 0.10312500 0.49120370 0.01770833 0.08796296
0.00000000 0.05703125 0.48564815 0.01302083 0.06759259
0.00000000 0.10885417 0.50555556 0.02395833 0.10925926
0.00000000 0.05390625 0.49166667 0.02760417 0.10000000
0.00000000 0.03203125 0.48425926 0.02031250 0.07592593
0.00000000 0.36171875 0.47916667 0.01197917 0.07685185
0.00000000 0.49661458 0.71805556 0.13593750 0.56388889
0.00000000 0.90364583 0.64675926 0.08541667 0.41574074
