0.00000000 0.04166667 0.50046296 0.00729167 0.02685185
0.00000000 0.18177083 0.50185185 0.02812500 0.11481481
0.00000000 0.08671875 0.73518519 0.17239583 0.52962963
0.00000000 0.77734375 0.65416667 0.09739583 0.46018519
0.00000000 0.02395833 0.49861111 0.01770833 0.03425926
0.00000000 0.66588542 0.60879630 0.11197917 0.32500000
0.00000000 0.31718750 0.59953704 0.07708333 0.30648148
0.00000000 0.05937500 0.48564815 0.00833333 0.06759259
0.00000000 0.05416667 0.49212963 0.02708333 0.09722222
0.00000000 0.03307292 0.48472222 0.02031250 0.07500000
0.00000000 0.35338542 0.48101852 0.02135417 0.07500000
0.00000000 0.42838542 0.72407407 0.19114583 0.55185185
0.00000000 0.88255208 0.67268519 0.14635417 0.43981481
