0.00000000 0.32083333 0.54768519 0.02916667 0.20092593
0.00000000 0.18307292 0.50324074 0.02968750 0.11574074
0.00000000 0.06536458 0.70972222 0.12968750 0.58055556
0.00000000 0.06796875 0.69444444 0.13489583 0.48333333
0.00000000 0.71458333 0.65648148 0.11770833 0.43333333
0.00000000 0.64401042 0.60046296 0.07864583 0.31759259
0.00000000 0.09817708 0.48888889 0.02031250 0.08888889
0.00000000 0.11744792 0.50601852 0.02968750 0.11203704
0.00000000 0.44453125 0.47777778 0.01927083 0.06666667
0.00000000 0.34843750 0.48101852 0.01875000 0.07685185
0.00000000 0.32057292 0.71481481 0.12656250 0.57037037
0.00000000 0.83645833 0.67222222 0.08541667 0.46296296
