0.00000000 0.33437500 0.55601852 0.04166667 0.22314815
0.00000000 0.18619792 0.50092593 0.02656250 0.12037037
0.00000000 0.05963542 0.71620370 0.11822917 0.56759259
0.00000000 0.08255208 0.50879630 0.02656250 0.11388889
0.00000000 0.68125000 0.63194444 0.09375000 0.40277778
0.00000000 0.02395833 0.49861111 0.01770833 0.03425926
0.00000000 0.59921875 0.59537037 0.08072917 0.30925926
0.00000000 0.28098958 0.58472222 0.05677083 0.26944444
0.00000000 0.09687500 0.48981481 0.02187500 0.08518519
0.00000000 0.11588542 0.50879630 0.03177083 0.11203704
0.00000000 0.03385417 0.48148148 0.01875000 0.07407407
0.00000000 0.43671875 0.47685185 0.01197917 0.07037037
0.00000000 0.34036458 0.47870370 0.01302083 0.07407407
0.00000000 0.25364583 0.72500000 0.20520833 0.55000000
0.00000000 0.78984375 0.69305556 0.12552083 0.47500000
