0.00000000 0.04192708 0.49907407 0.00781250 0.02962963
0.00000000 0.34010417 0.56574074 0.05937500 0.23333333
0.00000000 0.18958333 0.50370370 0.02708333 0.11851852
0.00000000 0.06718750 0.71944444 0.13333333 0.56111111
0.00000000 0.63411458 0.62268519 0.11302083 0.37129630
0.00000000 0.02395833 0.49861111 0.01770833 0.03425926
0.00000000 0.57656250 0.59490741 0.08333333 0.29351852
0.00000000 0.25729167 0.57268519 0.05833333 0.26574074
0.00000000 0.05078125 0.48657407 0.02447917 0.08981481
0.00000000 0.03072917 0.48148148 0.01875000 0.07592593
0.00000000 0.43020833 0.47824074 0.02291667 0.06759259
0.00000000 0.33098958 0.48148148 0.02552083 0.07592593
0.00000000 0.12994792 0.71111111 0.17031250 0.57777778
0.00000000 0.74843750 0.69444444 0.07812500 0.50185185
