0.00000000 0.06145833 0.49953704 0.00729167 0.02870370
0.00000000 0.35052083 0.57222222 0.05729167 0.24259259
0.00000000 0.19453125 0.50046296 0.02864583 0.12685185
0.00000000 0.09453125 0.73009259 0.18802083 0.53981481
0.00000000 0.08151042 0.50231481 0.02968750 0.11018519
0.00000000 0.61223958 0.61435185 0.08177083 0.35277778
0.00000000 0.54947917 0.57685185 0.05312500 0.27962963
0.00000000 0.24557292 0.57361111 0.06406250 0.25462963
0.00000000 0.06119792 0.48611111 0.01197917 0.06666667
0.00000000 0.05078125 0.48611111 0.02552083 0.09074074
0.00000000 0.03046875 0.47962963 0.02031250 0.07592593
0.00000000 0.42161458 0.47731481 0.01302083 0.07129630
0.00000000 0.32317708 0.48194444 0.01093750 0.08055556
0.00000000 0.09296875 0.72546296 0.18489583 0.54907407
0.00000000 0.70130208 0.73333333 0.18593750 0.53333333
