0.00000000 0.04166667 0.50046296 0.00729167 0.02870370
0.00000000 0.37369792 0.57453704 0.04947917 0.25092593
0.00000000 0.19765625 0.50370370 0.02968750 0.12592593
0.00000000 0.14244792 0.72685185 0.14114583 0.54629630
0.00000000 0.07942708 0.50231481 0.02864583 0.11388889
0.00000000 0.57682292 0.60046296 0.08385417 0.33425926
0.00000000 0.02526042 0.49907407 0.02031250 0.03333333
0.00000000 0.52317708 0.57638889 0.07968750 0.24722222
0.00000000 0.23098958 0.55648148 0.04739583 0.24259259
0.00000000 0.06041667 0.48750000 0.01354167 0.06759259
0.00000000 0.12760417 0.50740741 0.03125000 0.12037037
0.00000000 0.05052083 0.48842593 0.02604167 0.09166667
0.00000000 0.02968750 0.48333333 0.02291667 0.08148148
0.00000000 0.41354167 0.47962963 0.02291667 0.06851852
0.00000000 0.31354167 0.48333333 0.02395833 0.07962963
0.00000000 0.64192708 0.72453704 0.08697917 0.55092593
