0.00000000 0.04192708 0.50000000 0.00781250 0.02962963
0.00000000 0.38385417 0.58425926 0.05104167 0.26296296
0.00000000 0.20026042 0.49722222 0.02864583 0.12592593
0.00000000 0.21250000 0.73796296 0.17916667 0.52407407
0.00000000 0.07760417 0.50370370 0.02708333 0.10925926
0.00000000 0.54687500 0.58657407 0.07187500 0.28981481
0.00000000 0.02526042 0.50000000 0.02031250 0.03148148
0.00000000 0.49973958 0.56666667 0.05885417 0.25185185
0.00000000 0.22135417 0.55648148 0.04583333 0.22777778
0.00000000 0.06171875 0.48518519 0.01510417 0.07037037
0.00000000 0.12604167 0.50833333 0.03125000 0.12407407
0.00000000 0.05078125 0.48657407 0.02656250 0.09166667
0.00000000 0.02812500 0.48148148 0.02083333 0.08518519
0.00000000 0.40625000 0.47824074 0.01250000 0.07129630
0.00000000 0.30989583 0.48379630 0.02187500 0.08055556
0.00000000 0.58802083 0.73472222 0.15208333 0.53055556
