0.00000000 0.04244792 0.49953704 0.00781250 0.03055556
0.00000000 0.40286458 0.58703704 0.05781250 0.28333333
0.00000000 0.25833333 0.73101852 0.12812500 0.53796296
0.00000000 0.07630208 0.50138889 0.02760417 0.11018519
0.00000000 0.53593750 0.58148148 0.05833333 0.29629630
0.00000000 0.02552083 0.49953704 0.02083333 0.03240741
0.00000000 0.47083333 0.56574074 0.06562500 0.23518519
0.00000000 0.20468750 0.54305556 0.05104167 0.22685185
0.00000000 0.06484375 0.48518519 0.01614583 0.07037037
0.00000000 0.12656250 0.50972222 0.03229167 0.12685185
0.00000000 0.05052083 0.48750000 0.02395833 0.08981481
0.00000000 0.02578125 0.48425926 0.02135417 0.08333333
0.00000000 0.39765625 0.47685185 0.01822917 0.06666667
0.00000000 0.31041667 0.48379630 0.02291667 0.08055556
0.00000000 0.50598958 0.72453704 0.07552083 0.55092593
