0.00000000 0.04244792 0.50000000 0.00781250 0.02962963
0.00000000 0.41588542 0.59120370 0.07135417 0.27870370
0.00000000 0.21041667 0.50185185 0.02708333 0.13703704
0.00000000 0.31015625 0.71666667 0.11093750 0.51111111
0.00000000 0.07656250 0.50324074 0.02812500 0.10648148
0.00000000 0.50703125 0.58425926 0.06927083 0.27592593
0.00000000 0.45963542 0.56435185 0.05052083 0.23796296
0.00000000 0.19739583 0.54351852 0.05937500 0.21666667
0.00000000 0.06875000 0.48518519 0.01562500 0.07777778
0.00000000 0.13333333 0.50787037 0.03229167 0.12870370
0.00000000 0.04895833 0.48703704 0.02395833 0.08888889
0.00000000 0.02421875 0.48287037 0.02343750 0.08796296
0.00000000 0.38984375 0.47916667 0.01614583 0.07129630
0.00000000 0.31406250 0.48194444 0.01875000 0.07500000
0.00000000 0.41302083 0.73518519 0.25729167 0.52962963
