0.00000000 0.04192708 0.50000000 0.00781250 0.02962963
0.00000000 0.87734375 0.63101852 0.24531250 0.73796296
0.00000000 0.44765625 0.59629630 0.06197917 0.30000000
0.00000000 0.21380208 0.50277778 0.03281250 0.13888889
0.00000000 0.36119792 0.68703704 0.12239583 0.44444444
0.00000000 0.07500000 0.49444444 0.02604167 0.10555556
0.00000000 0.48541667 0.56666667 0.05937500 0.26481481
0.00000000 0.43411458 0.55509259 0.05781250 0.22314815
0.00000000 0.18385417 0.53101852 0.04479167 0.21018519
0.00000000 0.06432292 0.48472222 0.01718750 0.08055556
0.00000000 0.13958333 0.51018519 0.03229167 0.12962963
0.00000000 0.04791667 0.48518519 0.02500000 0.08888889
0.00000000 0.02239583 0.48611111 0.02604167 0.08703704
0.00000000 0.37968750 0.47916667 0.01875000 0.07129630
0.00000000 0.32187500 0.48055556 0.01666667 0.07592593
0.00000000 0.31588542 0.72083333 0.09635417 0.55833333
