0.00000000 0.04218750 0.50000000 0.00833333 0.02777778
0.00000000 0.82890625 0.63101852 0.34218750 0.73796296
0.00000000 0.47656250 0.60370370 0.08437500 0.30555556
0.00000000 0.21614583 0.50138889 0.03333333 0.13611111
0.00000000 0.40260417 0.68611111 0.07083333 0.46666667
0.00000000 0.07369792 0.49490741 0.02552083 0.10092593
0.00000000 0.46067708 0.57083333 0.06614583 0.25092593
0.00000000 0.42786458 0.55231481 0.04322917 0.20462963
0.00000000 0.06250000 0.48425926 0.02083333 0.08148148
0.00000000 0.14114583 0.50879630 0.03333333 0.13796296
0.00000000 0.04687500 0.48611111 0.02500000 0.08703704
0.00000000 0.02005208 0.48425926 0.02239583 0.09074074
0.00000000 0.37057292 0.47962963 0.02031250 0.07222222
0.00000000 0.32734375 0.48333333 0.02135417 0.07777778
0.00000000 0.17265625 0.72314815 0.31302083 0.55370370
