0.00000000 0.64973958 0.64166667 0.31718750 0.71666667
0.00000000 0.51562500 0.60370370 0.04687500 0.32592593
0.00000000 0.21953125 0.50324074 0.03281250 0.14907407
0.00000000 0.46510417 0.70138889 0.12395833 0.47500000
0.00000000 0.93333333 0.67638889 0.13333333 0.64722222
0.00000000 0.07343750 0.48935185 0.02395833 0.09907407
0.00000000 0.56979167 0.46898148 0.00937500 0.04166667
0.00000000 0.44635417 0.55879630 0.05729167 0.24537037
0.00000000 0.40052083 0.55092593 0.05312500 0.21851852
0.00000000 0.16171875 0.52361111 0.04322917 0.19722222
0.00000000 0.14036458 0.51250000 0.03697917 0.13611111
0.00000000 0.35859375 0.47916667 0.01927083 0.07314815
0.00000000 0.33255208 0.48148148 0.01510417 0.07777778
0.00000000 0.05182292 0.70185185 0.10260417 0.59629630
