0.00000000 0.06770833 0.49768519 0.00833333 0.03055556
0.00000000 0.04296875 0.50000000 0.00781250 0.02962963
0.00000000 0.58098958 0.66990741 0.33177083 0.66018519
0.00000000 0.22421875 0.50787037 0.03177083 0.14907407
0.00000000 0.49739583 0.70324074 0.10208333 0.48981481
0.00000000 0.84791667 0.69722222 0.30208333 0.60555556
0.00000000 0.07239583 0.49305556 0.02708333 0.09907407
0.00000000 0.42447917 0.55879630 0.06666667 0.23055556
0.00000000 0.38750000 0.55185185 0.05833333 0.20185185
0.00000000 0.15442708 0.52592593 0.05260417 0.18888889
0.00000000 0.05468750 0.48287037 0.01458333 0.07870370
0.00000000 0.14557292 0.51018519 0.03489583 0.14259259
0.00000000 0.04401042 0.48425926 0.02239583 0.08703704
0.00000000 0.02083333 0.48564815 0.02395833 0.09351852
0.00000000 0.35182292 0.48009259 0.02447917 0.07129630
0.00000000 0.34401042 0.48009259 0.02135417 0.07685185
