0.00000000 0.04244792 0.50000000 0.00781250 0.02962963
0.00000000 0.53854167 0.67314815 0.26041667 0.65370370
0.00000000 0.23046875 0.50462963 0.03489583 0.15925926
0.00000000 0.77890625 0.71111111 0.25885417 0.57777778
0.00000000 0.07109375 0.48888889 0.02343750 0.09814815
0.00000000 0.41328125 0.55509259 0.04947917 0.22500000
0.00000000 0.37604167 0.54259259 0.04270833 0.20555556
0.00000000 0.14505208 0.51898148 0.04114583 0.18796296
0.00000000 0.05104167 0.48425926 0.01562500 0.07592593
0.00000000 0.04166667 0.48472222 0.02187500 0.08425926
0.00000000 0.02578125 0.48796296 0.02552083 0.09074074
0.00000000 0.34036458 0.47916667 0.01197917 0.07500000
0.00000000 0.34687500 0.48148148 0.02187500 0.07592593
