0.00000000 0.04270833 0.50000000 0.00833333 0.02962963
0.00000000 0.50260417 0.67222222 0.19895833 0.65555556
0.00000000 0.05000000 0.49768519 0.00729167 0.02500000
0.00000000 0.59479167 0.62916667 0.05416667 0.35648148
0.00000000 0.23411458 0.51064815 0.04010417 0.15833333
0.00000000 0.63880208 0.69583333 0.20572917 0.60833333
0.00000000 0.07057292 0.49120370 0.02343750 0.09351852
0.00000000 0.56093750 0.46898148 0.01145833 0.04351852
0.00000000 0.39270833 0.54953704 0.05729167 0.22129630
0.00000000 0.02395833 0.49861111 0.01770833 0.03425926
0.00000000 0.95286458 0.68564815 0.09427083 0.53981481
0.00000000 0.36041667 0.54259259 0.04895833 0.19629630
0.00000000 0.13932292 0.51898148 0.03802083 0.17685185
0.00000000 0.05026042 0.48333333 0.01718750 0.07777778
0.00000000 0.07760417 0.48379630 0.01354167 0.07500000
0.00000000 0.16015625 0.51203704 0.03489583 0.14814815
0.00000000 0.04010417 0.48333333 0.02291667 0.08518519
0.00000000 0.03125000 0.48796296 0.02187500 0.09444444
0.00000000 0.33229167 0.48148148 0.02395833 0.07222222
0.00000000 0.35677083 0.47777778 0.01041667 0.07407407
