0.00000000 0.45833333 0.68703704 0.18541667 0.62592593
0.00000000 0.62109375 0.64814815 0.06406250 0.40370370
0.00000000 0.23958333 0.50972222 0.03645833 0.16759259
0.00000000 0.68229167 0.72361111 0.08125000 0.55277778
0.00000000 0.56484375 0.72453704 0.18802083 0.55092593
0.00000000 0.06927083 0.48750000 0.02291667 0.09537037
0.00000000 0.37812500 0.54305556 0.05416667 0.20092593
0.00000000 0.02395833 0.49861111 0.01770833 0.03425926
0.00000000 0.93281250 0.66666667 0.10833333 0.50370370
0.00000000 0.35078125 0.53703704 0.04218750 0.18888889
0.00000000 0.12760417 0.51342593 0.03750000 0.17685185
0.00000000 0.05208333 0.48518519 0.01875000 0.07407407
0.00000000 0.08098958 0.48425926 0.01510417 0.07592593
0.00000000 0.15937500 0.51435185 0.03750000 0.15092593
0.00000000 0.03645833 0.48842593 0.02812500 0.09351852
0.00000000 0.32369792 0.48009259 0.01302083 0.07685185
0.00000000 0.36458333 0.47824074 0.01666667 0.06944444
