0.00000000 0.40520833 0.68148148 0.19062500 0.63703704
0.00000000 0.04973958 0.49768519 0.00677083 0.02500000
0.00000000 0.65651042 0.66805556 0.09947917 0.44722222
0.00000000 0.24322917 0.51620370 0.03750000 0.16759259
0.00000000 0.73671875 0.73379630 0.17552083 0.53240741
0.00000000 0.51692708 0.71759259 0.13281250 0.56481481
0.00000000 0.06901042 0.48888889 0.02552083 0.09074074
0.00000000 0.55703125 0.46851852 0.01093750 0.04444444
0.00000000 0.36250000 0.53379630 0.03437500 0.19722222
0.00000000 0.02395833 0.49861111 0.01770833 0.03425926
0.00000000 0.85364583 0.66620370 0.14166667 0.48981481
0.00000000 0.33307292 0.52777778 0.04947917 0.18333333
0.00000000 0.12161458 0.51388889 0.04739583 0.17037037
0.00000000 0.05234375 0.48425926 0.01822917 0.07222222
0.00000000 0.08385417 0.48379630 0.01666667 0.07685185
0.00000000 0.16067708 0.51527778 0.03906250 0.15648148
0.00000000 0.04062500 0.48981481 0.02708333 0.09629630
0.00000000 0.31328125 0.48194444 0.02447917 0.07500000
