0.00000000 0.36197917 0.69027778 0.22187500 0.61944444
0.00000000 0.69557292 0.69212963 0.11822917 0.48796296
0.00000000 0.25182292 0.51712963 0.03593750 0.17500000
0.00000000 0.84270833 0.72407407 0.10208333 0.55185185
0.00000000 0.46588542 0.71990741 0.13072917 0.56018519
0.00000000 0.06848958 0.48564815 0.02239583 0.09166667
0.00000000 0.59687500 0.46805556 0.00937500 0.04537037
0.00000000 0.55729167 0.46898148 0.00833333 0.04537037
0.00000000 0.35156250 0.53101852 0.03541667 0.17870370
0.00000000 0.02395833 0.49861111 0.01770833 0.03425926
0.00000000 0.78984375 0.63194444 0.06614583 0.42129630
0.00000000 0.32291667 0.52453704 0.05000000 0.16388889
0.00000000 0.11692708 0.51157407 0.04114583 0.16759259
0.00000000 0.05078125 0.48472222 0.01718750 0.07314815
0.00000000 0.08541667 0.48564815 0.01770833 0.07685185
0.00000000 0.16901042 0.51388889 0.03906250 0.15925926
0.00000000 0.03645833 0.48194444 0.02291667 0.08240741
0.00000000 0.04583333 0.49027778 0.02500000 0.09722222
0.00000000 0.30625000 0.48194444 0.01250000 0.07685185
