0.00000000 0.07343750 0.49768519 0.00729167 0.03055556
0.00000000 0.04322917 0.49907407 0.00833333 0.03148148
0.00000000 0.34505208 0.69722222 0.20677083 0.60555556
0.00000000 0.74869792 0.69305556 0.09427083 0.50833333
0.00000000 0.25833333 0.52083333 0.04375000 0.17870370
0.00000000 0.91119792 0.73564815 0.17760417 0.52870370
0.00000000 0.43880208 0.72870370 0.13385417 0.54259259
0.00000000 0.06875000 0.48750000 0.02187500 0.08796296
0.00000000 0.60807292 0.46990741 0.01093750 0.04351852
0.00000000 0.59401042 0.46944444 0.01197917 0.04629630
0.00000000 0.55781250 0.46851852 0.00729167 0.04444444
0.00000000 0.33307292 0.52453704 0.03697917 0.18611111
0.00000000 0.02552083 0.49861111 0.02083333 0.03425926
0.00000000 0.31510417 0.51851852 0.03958333 0.17222222
0.00000000 0.11432292 0.51250000 0.03906250 0.15833333
0.00000000 0.08515625 0.48472222 0.01614583 0.07870370
0.00000000 0.17578125 0.51990741 0.04010417 0.16388889
0.00000000 0.03515625 0.48287037 0.02239583 0.08055556
0.00000000 0.05182292 0.49166667 0.02239583 0.09814815
0.00000000 0.29583333 0.48472222 0.02395833 0.07685185
0.00000000 0.61614583 0.47777778 0.01562500 0.05000000
