0.00000000 0.07500000 0.49722222 0.00729167 0.03148148
0.00000000 0.04322917 0.49953704 0.00833333 0.03055556
0.00000000 0.33723958 0.70046296 0.16302083 0.59907407
0.00000000 0.04973958 0.49814815 0.00677083 0.02592593
0.00000000 0.79322917 0.71851852 0.14583333 0.53703704
0.00000000 0.26276042 0.52685185 0.04531250 0.18703704
0.00000000 0.37395833 0.71759259 0.12812500 0.56481481
0.00000000 0.06640625 0.48518519 0.02031250 0.08888889
0.00000000 0.60911458 0.46898148 0.00885417 0.04351852
0.00000000 0.62239583 0.47129630 0.00729167 0.05000000
0.00000000 0.59062500 0.46898148 0.00729167 0.04722222
0.00000000 0.55807292 0.46851852 0.00781250 0.04444444
0.00000000 0.32291667 0.52638889 0.04583333 0.16759259
0.00000000 0.02552083 0.49861111 0.02083333 0.03425926
0.00000000 0.70755208 0.61250000 0.05468750 0.38240741
0.00000000 0.30572917 0.52129630 0.03645833 0.15740741
0.00000000 0.10859375 0.51018519 0.03593750 0.15740741
0.00000000 0.08541667 0.48657407 0.01458333 0.07870370
0.00000000 0.17708333 0.52129630 0.04479167 0.17222222
0.00000000 0.03385417 0.48194444 0.02187500 0.08055556
0.00000000 0.05677083 0.49074074 0.02708333 0.10000000
0.00000000 0.28776042 0.48518519 0.01510417 0.07962963
0.00000000 0.61197917 0.47777778 0.01041667 0.05185185
0.00000000 0.39427083 0.47685185 0.00937500 0.07037037
0.00000000 0.85208333 0.67824074 0.29583333 0.64351852
