0.00000000 0.07578125 0.49675926 0.00885417 0.03240741
0.00000000 0.04348958 0.49907407 0.00781250 0.03148148
0.00000000 0.32291667 0.71064815 0.14479167 0.57870370
0.00000000 0.04947917 0.49861111 0.00729167 0.02500000
0.00000000 0.26953125 0.52222222 0.04010417 0.18333333
0.00000000 0.01588542 0.71018519 0.03072917 0.47777778
0.00000000 0.34401042 0.72731481 0.14218750 0.54537037
0.00000000 0.06458333 0.48611111 0.02291667 0.08518519
0.00000000 0.61484375 0.46898148 0.00781250 0.04351852
0.00000000 0.62552083 0.47083333 0.01041667 0.04351852
0.00000000 0.61848958 0.47175926 0.01197917 0.04907407
0.00000000 0.58619792 0.46898148 0.01197917 0.04537037
0.00000000 0.55911458 0.46898148 0.00885417 0.04537037
0.00000000 0.02395833 0.49861111 0.01770833 0.03425926
0.00000000 0.66796875 0.61527778 0.11718750 0.36944444
0.00000000 0.10677083 0.51018519 0.03958333 0.15185185
0.00000000 0.08776042 0.48611111 0.01718750 0.07962963
0.00000000 0.17578125 0.52870370 0.04739583 0.17407407
0.00000000 0.03385417 0.48194444 0.02291667 0.08055556
0.00000000 0.05989583 0.49398148 0.02812500 0.10092593
0.00000000 0.27890625 0.48425926 0.01614583 0.07777778
0.00000000 0.60677083 0.47685185 0.01250000 0.05185185
0.00000000 0.40208333 0.47916667 0.01979167 0.07129630
0.00000000 0.84192708 0.68009259 0.31614583 0.63981481
