0.00000000 0.07630208 0.49722222 0.00885417 0.03148148
0.00000000 0.04348958 0.49953704 0.00885417 0.03055556
0.00000000 0.29947917 0.71157407 0.13958333 0.57685185
0.00000000 0.04921875 0.49814815 0.00677083 0.02592593
0.00000000 0.94062500 0.72685185 0.11875000 0.54629630
0.00000000 0.02734375 0.66574074 0.05364583 0.47037037
0.00000000 0.32135417 0.69768519 0.11979167 0.49722222
0.00000000 0.61770833 0.46990741 0.00833333 0.04351852
0.00000000 0.61979167 0.46990741 0.00729167 0.04537037
0.00000000 0.61223958 0.46990741 0.00781250 0.04907407
0.00000000 0.58515625 0.46944444 0.00885417 0.04629630
0.00000000 0.56067708 0.46944444 0.00989583 0.04444444
0.00000000 0.02473958 0.50000000 0.01614583 0.03148148
0.00000000 0.63098958 0.59583333 0.05364583 0.34166667
0.00000000 0.10572917 0.50879630 0.03645833 0.14907407
0.00000000 0.05520833 0.48287037 0.01979167 0.07314815
0.00000000 0.09036458 0.48703704 0.01718750 0.07962963
0.00000000 0.18333333 0.52685185 0.04479167 0.18333333
0.00000000 0.03307292 0.48148148 0.02239583 0.07407407
0.00000000 0.06406250 0.49259259 0.02500000 0.10370370
0.00000000 0.60416667 0.47638889 0.00937500 0.05277778
0.00000000 0.40625000 0.47916667 0.01875000 0.07129630
0.00000000 0.79036458 0.68888889 0.27864583 0.62222222
