0.00000000 0.04348958 0.49861111 0.00781250 0.03240741
0.00000000 0.28125000 0.71064815 0.15416667 0.57870370
0.00000000 0.04869792 0.49768519 0.00781250 0.02685185
0.00000000 0.04166667 0.66574074 0.08229167 0.43518519
0.00000000 0.06328125 0.48472222 0.02031250 0.08240741
0.00000000 0.62083333 0.46944444 0.00625000 0.04444444
0.00000000 0.61614583 0.47037037 0.01041667 0.04259259
0.00000000 0.58177083 0.46851852 0.00937500 0.04629630
0.00000000 0.56015625 0.46898148 0.00989583 0.04537037
0.00000000 0.59921875 0.59490741 0.06614583 0.31944444
0.00000000 0.10312500 0.50833333 0.03333333 0.14259259
0.00000000 0.05312500 0.48287037 0.02083333 0.07314815
0.00000000 0.09375000 0.48564815 0.01666667 0.07870370
0.00000000 0.19140625 0.53564815 0.04531250 0.18425926
0.00000000 0.03125000 0.48055556 0.02187500 0.07592593
0.00000000 0.06875000 0.49583333 0.02291667 0.10277778
0.00000000 0.25807292 0.48518519 0.01822917 0.07962963
0.00000000 0.41406250 0.47731481 0.01145833 0.07129630
0.00000000 0.72447917 0.69629630 0.23645833 0.60740741
