0.00000000 0.27395833 0.71759259 0.15208333 0.56481481
0.00000000 0.04921875 0.49953704 0.00781250 0.02500000
0.00000000 0.29791667 0.54120370 0.04895833 0.20092593
0.00000000 0.04505208 0.64305556 0.08906250 0.40462963
0.00000000 0.27812500 0.67824074 0.10625000 0.43240741
0.00000000 0.06276042 0.48055556 0.02031250 0.07962963
0.00000000 0.62447917 0.47037037 0.00937500 0.04259259
0.00000000 0.60937500 0.46990741 0.01041667 0.04537037
0.00000000 0.60338542 0.46990741 0.00781250 0.04907407
0.00000000 0.58020833 0.46851852 0.01041667 0.04074074
0.00000000 0.55963542 0.46990741 0.00989583 0.04537037
0.00000000 0.02395833 0.50000000 0.01770833 0.03148148
0.00000000 0.56744792 0.58379630 0.05052083 0.31574074
0.00000000 0.09661458 0.50833333 0.03177083 0.14074074
0.00000000 0.05494792 0.48194444 0.01718750 0.07129630
0.00000000 0.19843750 0.53333333 0.04687500 0.19444444
0.00000000 0.07500000 0.49120370 0.02708333 0.10277778
0.00000000 0.24765625 0.49074074 0.02552083 0.08333333
0.00000000 0.59348958 0.47546296 0.01510417 0.05277778
0.00000000 0.42057292 0.47824074 0.02239583 0.06944444
0.00000000 0.72187500 0.70231481 0.25000000 0.59537037
