0.00000000 0.26718750 0.71527778 0.13229167 0.56944444
0.00000000 0.30651042 0.54490741 0.04427083 0.22314815
0.00000000 0.05026042 0.63240741 0.09427083 0.37962963
0.00000000 0.24036458 0.64675926 0.10156250 0.41018519
0.00000000 0.60442708 0.46990741 0.01093750 0.04351852
0.00000000 0.59869792 0.47037037 0.01197917 0.04629630
0.00000000 0.57708333 0.46898148 0.00937500 0.04166667
0.00000000 0.55989583 0.46898148 0.01041667 0.04722222
0.00000000 0.02395833 0.49861111 0.01770833 0.03425926
0.00000000 0.54401042 0.58425926 0.09010417 0.29629630
0.00000000 0.09375000 0.50740741 0.03645833 0.13703704
0.00000000 0.19687500 0.53935185 0.04895833 0.18981481
0.00000000 0.02890625 0.48287037 0.02031250 0.07314815
0.00000000 0.08020833 0.49953704 0.02812500 0.10092593
0.00000000 0.58776042 0.47500000 0.01093750 0.05370370
0.00000000 0.42604167 0.47685185 0.01145833 0.07037037
0.00000000 0.71979167 0.71944444 0.22083333 0.56111111
