0.00000000 0.04348958 0.49861111 0.00885417 0.03240741
0.00000000 0.25260417 0.69722222 0.11041667 0.53888889
0.00000000 0.04869792 0.49861111 0.00677083 0.02685185
0.00000000 0.31666667 0.55833333 0.04895833 0.22592593
0.00000000 0.06822917 0.62500000 0.08750000 0.35740741
0.00000000 0.22812500 0.65092593 0.11145833 0.40185185
0.00000000 0.59869792 0.46990741 0.00781250 0.04537037
0.00000000 0.59453125 0.46990741 0.00781250 0.04722222
0.00000000 0.56015625 0.47037037 0.00989583 0.04629630
0.00000000 0.02395833 0.49861111 0.01770833 0.03425926
0.00000000 0.51822917 0.57175926 0.04166667 0.28796296
0.00000000 0.09453125 0.50277778 0.03281250 0.12407407
0.00000000 0.05963542 0.48425926 0.01614583 0.06666667
0.00000000 0.10286458 0.48796296 0.01614583 0.08333333
0.00000000 0.20416667 0.54583333 0.04791667 0.21203704
0.00000000 0.02604167 0.48425926 0.02083333 0.07777778
0.00000000 0.58489583 0.47500000 0.01250000 0.05370370
0.00000000 0.43333333 0.47777778 0.01770833 0.06851852
0.00000000 0.74140625 0.71990741 0.17656250 0.56018519
