0.00000000 0.04296875 0.49768519 0.00885417 0.03425926
0.00000000 0.23359375 0.69398148 0.10468750 0.51574074
0.00000000 0.04843750 0.49814815 0.00729167 0.02777778
0.00000000 0.32890625 0.55925926 0.04635417 0.23888889
0.00000000 0.07447917 0.60416667 0.08854167 0.33055556
0.00000000 0.22005208 0.65462963 0.10156250 0.37407407
0.00000000 0.06614583 0.48055556 0.01979167 0.07222222
0.00000000 0.59505208 0.46990741 0.00989583 0.04351852
0.00000000 0.58880208 0.46990741 0.01197917 0.04537037
0.00000000 0.56119792 0.46990741 0.00989583 0.04722222
0.00000000 0.25703125 0.50277778 0.03385417 0.14444444
0.00000000 0.02552083 0.49861111 0.02083333 0.03425926
0.00000000 0.50104167 0.57314815 0.05937500 0.27222222
0.00000000 0.09010417 0.50277778 0.03020833 0.12407407
0.00000000 0.10729167 0.48842593 0.01562500 0.08055556
0.00000000 0.02604167 0.48518519 0.01979167 0.07592593
0.00000000 0.57786458 0.47453704 0.01197917 0.05462963
0.00000000 0.43854167 0.47777778 0.01770833 0.06851852
0.00000000 0.79401042 0.71805556 0.19010417 0.56388889
