0.00000000 0.04244792 0.49814815 0.00885417 0.03333333
0.00000000 0.21458333 0.67361111 0.11666667 0.49537037
0.00000000 0.04817708 0.49861111 0.00781250 0.02685185
0.00000000 0.34036458 0.56944444 0.06093750 0.24814815
0.00000000 0.07968750 0.60555556 0.08750000 0.30740741
0.00000000 0.06432292 0.48055556 0.01822917 0.07407407
0.00000000 0.58906250 0.46944444 0.00937500 0.04444444
0.00000000 0.58463542 0.46944444 0.00885417 0.04629630
0.00000000 0.56223958 0.47037037 0.01093750 0.04814815
0.00000000 0.24609375 0.50092593 0.03802083 0.14814815
0.00000000 0.02552083 0.49861111 0.02083333 0.03425926
0.00000000 0.47343750 0.55972222 0.04895833 0.26203704
0.00000000 0.08541667 0.50370370 0.02812500 0.11851852
0.00000000 0.10937500 0.48750000 0.01770833 0.08240741
0.00000000 0.02786458 0.48657407 0.02343750 0.07314815
0.00000000 0.09895833 0.49953704 0.02395833 0.10833333
0.00000000 0.57343750 0.47500000 0.01770833 0.05370370
0.00000000 0.44479167 0.47638889 0.00937500 0.06944444
0.00000000 0.82734375 0.71527778 0.19843750 0.56944444
