0.00000000 0.04296875 0.49814815 0.00885417 0.03333333
0.00000000 0.20442708 0.67453704 0.12760417 0.48796296
0.00000000 0.04843750 0.49907407 0.00833333 0.02777778
0.00000000 0.35104167 0.57546296 0.06041667 0.26203704
0.00000000 0.08463542 0.58194444 0.07447917 0.29351852
0.00000000 0.06380208 0.48055556 0.02031250 0.07222222
0.00000000 0.58463542 0.46944444 0.00989583 0.04259259
0.00000000 0.57864583 0.47037037 0.01250000 0.04444444
0.00000000 0.56536458 0.47314815 0.01093750 0.04814815
0.00000000 0.23880208 0.50046296 0.03697917 0.13611111
0.00000000 0.02552083 0.49861111 0.02083333 0.03425926
0.00000000 0.45546875 0.56435185 0.07135417 0.24907407
0.00000000 0.11067708 0.48888889 0.01614583 0.08148148
0.00000000 0.23385417 0.56250000 0.05729167 0.22314815
0.00000000 0.02526042 0.48518519 0.01927083 0.07592593
0.00000000 0.10416667 0.50092593 0.03125000 0.10740741
0.00000000 0.56822917 0.47361111 0.00729167 0.05648148
0.00000000 0.92838542 0.70833333 0.14322917 0.58333333
