0.00000000 0.04296875 0.49768519 0.00885417 0.03425926
0.00000000 0.20390625 0.66990741 0.12552083 0.46574074
0.00000000 0.04791667 0.49861111 0.00729167 0.02870370
0.00000000 0.36692708 0.57777778 0.05885417 0.27407407
0.00000000 0.08750000 0.58101852 0.07291667 0.27500000
0.00000000 0.18671875 0.60833333 0.08385417 0.32407407
0.00000000 0.06458333 0.48055556 0.01875000 0.07222222
0.00000000 0.57682292 0.46944444 0.00885417 0.04444444
0.00000000 0.58020833 0.46944444 0.00937500 0.04259259
0.00000000 0.57057292 0.47361111 0.00885417 0.04907407
0.00000000 0.23307292 0.49814815 0.03385417 0.14074074
0.00000000 0.02552083 0.49861111 0.02083333 0.03425926
0.00000000 0.43645833 0.55231481 0.03333333 0.24166667
0.00000000 0.07864583 0.50231481 0.03125000 0.11388889
0.00000000 0.23671875 0.57962963 0.05885417 0.24629630
0.00000000 0.02395833 0.48472222 0.02187500 0.07500000
0.00000000 0.10963542 0.50046296 0.02760417 0.11203704
0.00000000 0.56328125 0.47407407 0.01406250 0.05555556
0.00000000 0.45625000 0.47638889 0.01145833 0.06759259
0.00000000 0.94505208 0.72731481 0.10989583 0.54537037
