0.00000000 0.04192708 0.49768519 0.00885417 0.03425926
0.00000000 0.20442708 0.64675926 0.10468750 0.43240741
0.00000000 0.04791667 0.49907407 0.00729167 0.02777778
0.00000000 0.38020833 0.58981481 0.05312500 0.28518519
0.00000000 0.09427083 0.56481481 0.06666667 0.26481481
0.00000000 0.18046875 0.59768519 0.09010417 0.30092593
0.00000000 0.06406250 0.48194444 0.01770833 0.07129630
0.00000000 0.56979167 0.46898148 0.00937500 0.04537037
0.00000000 0.58125000 0.46851852 0.01250000 0.03888889
0.00000000 0.57395833 0.47546296 0.01458333 0.04722222
0.00000000 0.22500000 0.50000000 0.02395833 0.12962963
0.00000000 0.02552083 0.49861111 0.02083333 0.03425926
0.00000000 0.42187500 0.55416667 0.04062500 0.23055556
0.00000000 0.07395833 0.50092593 0.02708333 0.11481481
0.00000000 0.08411458 0.48333333 0.01614583 0.06666667
0.00000000 0.25000000 0.58009259 0.05208333 0.25092593
0.00000000 0.02317708 0.48472222 0.02135417 0.07500000
0.00000000 0.11223958 0.50138889 0.02552083 0.11018519
0.00000000 0.17213542 0.49583333 0.02031250 0.08796296
0.00000000 0.55963542 0.47268519 0.00885417 0.05648148
0.00000000 0.46197917 0.47638889 0.01666667 0.06574074
