0.00000000 0.04218750 0.49768519 0.00937500 0.03425926
0.00000000 0.19947917 0.64907407 0.09375000 0.42222222
0.00000000 0.04765625 0.49861111 0.00781250 0.02870370
0.00000000 0.40234375 0.59259259 0.06614583 0.31296296
0.00000000 0.09765625 0.55879630 0.06614583 0.24722222
0.00000000 0.17838542 0.59351852 0.08281250 0.25370370
0.00000000 0.06223958 0.48194444 0.01718750 0.06944444
0.00000000 0.56953125 0.46944444 0.00781250 0.04259259
0.00000000 0.56536458 0.46944444 0.00989583 0.04444444
0.00000000 0.58203125 0.47037037 0.00677083 0.05000000
0.00000000 0.21718750 0.49814815 0.03333333 0.13518519
0.00000000 0.02604167 0.49861111 0.01979167 0.03425926
0.00000000 0.06822917 0.50601852 0.02500000 0.11759259
0.00000000 0.08489583 0.48240741 0.01666667 0.06666667
0.00000000 0.26223958 0.59305556 0.05781250 0.26203704
0.00000000 0.02421875 0.48518519 0.01927083 0.07592593
0.00000000 0.11953125 0.50416667 0.02552083 0.12129630
0.00000000 0.00963542 0.49675926 0.01822917 0.12314815
0.00000000 0.15625000 0.49537037 0.02812500 0.08888889
0.00000000 0.55364583 0.47407407 0.01770833 0.05555556
0.00000000 0.46718750 0.47638889 0.01666667 0.06574074
