0.00000000 0.04244792 0.49768519 0.00885417 0.03425926
0.00000000 0.18802083 0.63564815 0.09479167 0.40092593
0.00000000 0.04739583 0.49953704 0.00833333 0.02870370
0.00000000 0.41848958 0.60833333 0.07864583 0.32407407
0.00000000 0.09505208 0.55324074 0.06093750 0.24166667
0.00000000 0.17604167 0.59120370 0.07812500 0.27129630
0.00000000 0.06250000 0.48287037 0.01770833 0.06759259
0.00000000 0.56927083 0.46944444 0.00937500 0.04259259
0.00000000 0.55911458 0.46898148 0.00989583 0.04351852
0.00000000 0.57552083 0.46944444 0.00937500 0.04259259
0.00000000 0.58697917 0.47083333 0.01562500 0.04722222
0.00000000 0.20885417 0.49907407 0.03750000 0.12777778
0.00000000 0.02682292 0.49907407 0.01822917 0.03333333
0.00000000 0.38411458 0.54583333 0.04739583 0.21759259
0.00000000 0.06614583 0.50324074 0.02916667 0.11759259
0.00000000 0.08489583 0.48425926 0.01770833 0.06666667
0.00000000 0.11302083 0.48981481 0.01562500 0.08703704
0.00000000 0.27265625 0.59490741 0.06718750 0.28425926
0.00000000 0.02656250 0.48472222 0.01666667 0.07500000
0.00000000 0.12291667 0.50462963 0.03020833 0.12222222
0.00000000 0.01718750 0.50416667 0.03333333 0.11944444
0.00000000 0.14557292 0.50046296 0.02760417 0.09722222
0.00000000 0.54869792 0.47314815 0.01302083 0.05740741
0.00000000 0.47291667 0.47546296 0.01041667 0.06574074
