0.00000000 0.04244792 0.49722222 0.00885417 0.03518519
0.00000000 0.17812500 0.63148148 0.10208333 0.39629630
0.00000000 0.04765625 0.49907407 0.00781250 0.02777778
0.00000000 0.43802083 0.60277778 0.06041667 0.33888889
0.00000000 0.09557292 0.54305556 0.06093750 0.23425926
0.00000000 0.56901042 0.46944444 0.00781250 0.04259259
0.00000000 0.55625000 0.46944444 0.01250000 0.04259259
0.00000000 0.57604167 0.46944444 0.01145833 0.04259259
0.00000000 0.59088542 0.47083333 0.00989583 0.04907407
0.00000000 0.20494792 0.50046296 0.03385417 0.13240741
0.00000000 0.36979167 0.54027778 0.03541667 0.21388889
0.00000000 0.19921875 0.50138889 0.02864583 0.11759259
0.00000000 0.06562500 0.50601852 0.03020833 0.11388889
0.00000000 0.08281250 0.48333333 0.01562500 0.07222222
0.00000000 0.11276042 0.49259259 0.01614583 0.08703704
0.00000000 0.27760417 0.61018519 0.07604167 0.29259259
0.00000000 0.02786458 0.48472222 0.01406250 0.07500000
0.00000000 0.12578125 0.50509259 0.02968750 0.12685185
0.00000000 0.02213542 0.50601852 0.02552083 0.12129630
0.00000000 0.13593750 0.49953704 0.01770833 0.09907407
0.00000000 0.54218750 0.47453704 0.01458333 0.05648148
0.00000000 0.47838542 0.47638889 0.01927083 0.06388889
