0.00000000 0.04140625 0.49722222 0.00885417 0.03518519
0.00000000 0.17395833 0.63194444 0.10312500 0.37870370
0.00000000 0.04765625 0.49907407 0.00781250 0.02962963
0.00000000 0.46562500 0.62916667 0.08750000 0.36203704
0.00000000 0.09843750 0.54120370 0.05937500 0.22314815
0.00000000 0.15833333 0.57222222 0.06979167 0.25370370
0.00000000 0.56796875 0.46944444 0.00677083 0.04259259
0.00000000 0.55442708 0.46851852 0.00989583 0.04444444
0.00000000 0.57395833 0.46898148 0.00833333 0.04351852
0.00000000 0.59817708 0.47083333 0.01302083 0.04907407
0.00000000 0.20208333 0.49861111 0.03020833 0.12314815
0.00000000 0.02395833 0.49861111 0.01770833 0.03425926
0.00000000 0.35677083 0.53564815 0.03437500 0.20462963
0.00000000 0.19140625 0.49953704 0.03177083 0.12314815
0.00000000 0.06250000 0.50231481 0.02708333 0.11203704
0.00000000 0.07942708 0.48148148 0.01510417 0.06851852
0.00000000 0.11406250 0.49166667 0.01875000 0.08888889
0.00000000 0.29713542 0.60694444 0.06510417 0.31018519
0.00000000 0.12812500 0.50324074 0.02604167 0.12500000
0.00000000 0.03984375 0.50648148 0.03489583 0.12037037
0.00000000 0.53880208 0.47453704 0.00989583 0.05833333
0.00000000 0.48333333 0.47546296 0.01145833 0.06388889
