0.00000000 0.07187500 0.49583333 0.00833333 0.03425926
0.00000000 0.17552083 0.62083333 0.09375000 0.36574074
0.00000000 0.48984375 0.62407407 0.06614583 0.38148148
0.00000000 0.09843750 0.53009259 0.05520833 0.21759259
0.00000000 0.15442708 0.56018519 0.07239583 0.24444444
0.00000000 0.56640625 0.46944444 0.00781250 0.04259259
0.00000000 0.55494792 0.46851852 0.01093750 0.04444444
0.00000000 0.57317708 0.46851852 0.00781250 0.04629630
0.00000000 0.60130208 0.47083333 0.01614583 0.04907407
0.00000000 0.19583333 0.50185185 0.03020833 0.12592593
0.00000000 0.34531250 0.53472222 0.04583333 0.20462963
0.00000000 0.06145833 0.49861111 0.02604167 0.11018519
0.00000000 0.07786458 0.48287037 0.01614583 0.06944444
0.00000000 0.31666667 0.62361111 0.07083333 0.31759259
0.00000000 0.02786458 0.48425926 0.00989583 0.07037037
0.00000000 0.13463542 0.50462963 0.02552083 0.12592593
0.00000000 0.04739583 0.50555556 0.04062500 0.11666667
0.00000000 0.53255208 0.47500000 0.01614583 0.05925926
0.00000000 0.48854167 0.47546296 0.01458333 0.05833333
0.00000000 0.05625000 0.65324074 0.11145833 0.38981481
