0.00000000 0.04166667 0.49722222 0.00937500 0.03518519
0.00000000 0.17291667 0.61296296 0.08125000 0.35185185
0.00000000 0.04713542 0.50000000 0.00781250 0.02777778
0.00000000 0.51901042 0.64722222 0.10364583 0.41111111
0.00000000 0.10078125 0.53287037 0.05156250 0.20277778
0.00000000 0.15338542 0.55833333 0.07135417 0.22222222
0.00000000 0.56458333 0.46990741 0.01041667 0.04166667
0.00000000 0.55572917 0.46851852 0.00833333 0.04444444
0.00000000 0.57395833 0.46898148 0.00833333 0.04351852
0.00000000 0.60651042 0.47083333 0.00677083 0.05092593
0.00000000 0.19114583 0.49814815 0.03020833 0.12222222
0.00000000 0.02578125 0.49907407 0.02031250 0.03333333
0.00000000 0.05937500 0.49212963 0.02500000 0.10462963
0.00000000 0.07942708 0.48240741 0.01927083 0.07037037
0.00000000 0.11458333 0.49768519 0.01875000 0.09166667
0.00000000 0.33541667 0.62407407 0.07708333 0.33888889
0.00000000 0.02838542 0.48518519 0.01302083 0.07592593
0.00000000 0.13854167 0.50277778 0.03229167 0.13518519
0.00000000 0.05052083 0.50416667 0.02604167 0.11944444
0.00000000 0.49218750 0.47592593 0.01666667 0.06296296
0.00000000 0.01640625 0.48842593 0.03177083 0.09537037
0.00000000 0.07916667 0.65231481 0.11770833 0.37314815
