0.00000000 0.04140625 0.49675926 0.00885417 0.03796296
0.00000000 0.16744792 0.61018519 0.07239583 0.33888889
0.00000000 0.04687500 0.50046296 0.00833333 0.02685185
0.00000000 0.55572917 0.65787037 0.08750000 0.44722222
0.00000000 0.09453125 0.52268519 0.04739583 0.19907407
0.00000000 0.61250000 0.47129630 0.01354167 0.04814815
0.00000000 0.19401042 0.50000000 0.02864583 0.11666667
0.00000000 0.02526042 0.50000000 0.02031250 0.03148148
0.00000000 0.31744792 0.52361111 0.02968750 0.18425926
0.00000000 0.18151042 0.50138889 0.02760417 0.11203704
0.00000000 0.05807292 0.49629630 0.02760417 0.10370370
0.00000000 0.11380208 0.50370370 0.01718750 0.09444444
0.00000000 0.35078125 0.65092593 0.10364583 0.36851852
0.00000000 0.03046875 0.48796296 0.01510417 0.07037037
0.00000000 0.14218750 0.50277778 0.03333333 0.12962963
0.00000000 0.06979167 0.50416667 0.02812500 0.11944444
0.00000000 0.62421875 0.47916667 0.00989583 0.04722222
0.00000000 0.52239583 0.47546296 0.00937500 0.06018519
0.00000000 0.49791667 0.47314815 0.01041667 0.06111111
0.00000000 0.02213542 0.48750000 0.03072917 0.09351852
0.00000000 0.14453125 0.63611111 0.07968750 0.36481481
