0.00000000 0.15625000 0.60092593 0.08541667 0.33148148
0.00000000 0.04687500 0.50000000 0.00833333 0.02777778
0.00000000 0.61067708 0.68194444 0.13697917 0.48240741
0.00000000 0.09427083 0.52407407 0.05208333 0.19074074
0.00000000 0.55260417 0.47037037 0.01041667 0.04074074
0.00000000 0.55598958 0.46805556 0.00989583 0.04351852
0.00000000 0.57682292 0.46944444 0.01197917 0.04444444
0.00000000 0.61770833 0.47175926 0.00833333 0.05092593
0.00000000 0.19713542 0.50092593 0.02864583 0.12037037
0.00000000 0.30572917 0.52083333 0.03020833 0.18425926
0.00000000 0.17604167 0.50231481 0.02708333 0.11018519
0.00000000 0.05572917 0.49259259 0.02500000 0.10370370
0.00000000 0.11406250 0.50601852 0.01875000 0.09722222
0.00000000 0.36901042 0.65787037 0.09427083 0.40092593
0.00000000 0.03046875 0.48472222 0.02031250 0.07685185
0.00000000 0.07395833 0.50462963 0.03437500 0.11666667
0.00000000 0.06484375 0.50509259 0.04218750 0.10833333
0.00000000 0.61979167 0.47824074 0.00729167 0.05092593
0.00000000 0.02031250 0.49861111 0.03958333 0.11203704
0.00000000 0.50286458 0.47361111 0.01302083 0.05833333
0.00000000 0.03906250 0.48703704 0.02395833 0.09259259
0.00000000 0.18072917 0.64259259 0.11875000 0.35370370
