0.00000000 0.06953125 0.49490741 0.00885417 0.03796296
0.00000000 0.04114583 0.49629630 0.00937500 0.03703704
0.00000000 0.15260417 0.60138889 0.08958333 0.32500000
0.00000000 0.63567708 0.70231481 0.11927083 0.52500000
0.00000000 0.09583333 0.51898148 0.04583333 0.18796296
0.00000000 0.14192708 0.54027778 0.06093750 0.20833333
0.00000000 0.55833333 0.46851852 0.00833333 0.04259259
0.00000000 0.58281250 0.46898148 0.01145833 0.04166667
0.00000000 0.62395833 0.47129630 0.00937500 0.04814815
0.00000000 0.19765625 0.50324074 0.02760417 0.11388889
0.00000000 0.02395833 0.49861111 0.01770833 0.03425926
0.00000000 0.29661458 0.52268519 0.04739583 0.17870370
0.00000000 0.17213542 0.50092593 0.03281250 0.11111111
0.00000000 0.05442708 0.49074074 0.02447917 0.09259259
0.00000000 0.07760417 0.48333333 0.01979167 0.07407407
0.00000000 0.40364583 0.67083333 0.09375000 0.41203704
0.00000000 0.03281250 0.48287037 0.01979167 0.07314815
0.00000000 0.05572917 0.50416667 0.02812500 0.11203704
0.00000000 0.61588542 0.47685185 0.01406250 0.05000000
0.00000000 0.51067708 0.47453704 0.01093750 0.06018519
0.00000000 0.02578125 0.49768519 0.03697917 0.11203704
0.00000000 0.50494792 0.47407407 0.01510417 0.06111111
0.00000000 0.22421875 0.62222222 0.05781250 0.33703704
