0.00000000 0.15390625 0.59953704 0.08802083 0.31574074
0.00000000 0.70729167 0.71435185 0.13125000 0.57129630
0.00000000 0.09531250 0.51527778 0.04375000 0.17870370
0.00000000 0.13932292 0.53194444 0.06197917 0.20648148
0.00000000 0.67838542 0.47453704 0.00989583 0.04907407
0.00000000 0.54895833 0.47037037 0.00937500 0.04074074
0.00000000 0.56015625 0.46990741 0.01197917 0.04351852
0.00000000 0.58619792 0.46851852 0.01093750 0.04259259
0.00000000 0.62708333 0.47314815 0.01145833 0.04814815
0.00000000 0.20104167 0.50000000 0.02708333 0.11481481
0.00000000 0.02395833 0.49861111 0.01770833 0.03425926
0.00000000 0.28854167 0.51527778 0.03333333 0.17314815
0.00000000 0.17005208 0.50138889 0.03281250 0.10277778
0.00000000 0.05260417 0.48981481 0.02395833 0.10000000
0.00000000 0.08098958 0.48379630 0.01822917 0.07870370
0.00000000 0.42291667 0.68657407 0.10104167 0.44907407
0.00000000 0.03437500 0.48148148 0.02083333 0.07592593
0.00000000 0.16197917 0.50000000 0.03229167 0.14074074
0.00000000 0.67682292 0.46666667 0.00885417 0.04444444
0.00000000 0.66979167 0.46805556 0.01145833 0.04722222
0.00000000 0.03255208 0.50462963 0.04947917 0.11111111
0.00000000 0.50520833 0.47685185 0.02083333 0.06111111
0.00000000 0.04947917 0.49675926 0.03750000 0.11018519
0.00000000 0.50572917 0.47453704 0.01354167 0.06203704
0.00000000 0.06692708 0.48564815 0.01510417 0.09166667
0.00000000 0.26250000 0.62685185 0.10208333 0.32407407
