0.00000000 0.06848958 0.49351852 0.00885417 0.03888889
0.00000000 0.04088542 0.49629630 0.00885417 0.03703704
0.00000000 0.15520833 0.58842593 0.07500000 0.30092593
0.00000000 0.76744792 0.71898148 0.17239583 0.56203704
0.00000000 0.09348958 0.51620370 0.04322917 0.17500000
0.00000000 0.13906250 0.53148148 0.06145833 0.18888889
0.00000000 0.68125000 0.47546296 0.01041667 0.04907407
0.00000000 0.54973958 0.47037037 0.00885417 0.04074074
0.00000000 0.56588542 0.46944444 0.01093750 0.04444444
0.00000000 0.58932292 0.46898148 0.00989583 0.04537037
0.00000000 0.63281250 0.47314815 0.00729167 0.05185185
0.00000000 0.20338542 0.50231481 0.02864583 0.11018519
0.00000000 0.27760417 0.51342593 0.02500000 0.16388889
0.00000000 0.04973958 0.49212963 0.02760417 0.09722222
0.00000000 0.46354167 0.71342593 0.12604167 0.50833333
0.00000000 0.03723958 0.48240741 0.02135417 0.07962963
0.00000000 0.16666667 0.50555556 0.03750000 0.14074074
0.00000000 0.11171875 0.50092593 0.02864583 0.10740741
0.00000000 0.67317708 0.46620370 0.00885417 0.04351852
0.00000000 0.66614583 0.46759259 0.00937500 0.04814815
0.00000000 0.02343750 0.50185185 0.03750000 0.11111111
0.00000000 0.60494792 0.47685185 0.01197917 0.05370370
0.00000000 0.49869792 0.47592593 0.00885417 0.06296296
0.00000000 0.05937500 0.49675926 0.03750000 0.10833333
0.00000000 0.50468750 0.47592593 0.01145833 0.05740741
0.00000000 0.69479167 0.46759259 0.00937500 0.04444444
0.00000000 0.07734375 0.48518519 0.02968750 0.08333333
0.00000000 0.29479167 0.60879630 0.04166667 0.30462963
