0.00000000 0.06770833 0.49583333 0.00937500 0.03611111
0.00000000 0.15260417 0.59027778 0.06979167 0.29351852
0.00000000 0.85416667 0.70787037 0.13750000 0.58425926
0.00000000 0.09244792 0.51064815 0.04427083 0.17314815
0.00000000 0.13932292 0.52268519 0.05572917 0.18796296
0.00000000 0.05859375 0.48564815 0.01510417 0.06388889
0.00000000 0.68437500 0.47592593 0.00729167 0.05185185
0.00000000 0.55416667 0.46944444 0.00937500 0.04444444
0.00000000 0.69505208 0.47777778 0.01406250 0.05370370
0.00000000 0.56822917 0.46990741 0.01145833 0.04351852
0.00000000 0.59531250 0.46851852 0.00937500 0.04629630
0.00000000 0.63906250 0.47361111 0.01458333 0.05092593
0.00000000 0.20364583 0.49861111 0.02604167 0.11018519
0.00000000 0.02682292 0.49861111 0.01822917 0.03425926
0.00000000 0.26848958 0.50879630 0.03593750 0.16759259
0.00000000 0.04661458 0.48888889 0.02343750 0.09814815
0.00000000 0.11718750 0.50601852 0.01770833 0.10092593
0.00000000 0.49427083 0.73425926 0.14062500 0.53148148
0.00000000 0.03880208 0.48287037 0.02239583 0.07870370
0.00000000 0.17291667 0.50092593 0.03229167 0.14814815
0.00000000 0.12239583 0.50092593 0.01666667 0.11296296
0.00000000 0.67057292 0.46759259 0.00885417 0.04444444
0.00000000 0.66302083 0.46990741 0.00937500 0.04907407
0.00000000 0.00963542 0.49907407 0.01822917 0.11296296
0.00000000 0.60260417 0.47592593 0.00937500 0.05370370
0.00000000 0.07578125 0.49675926 0.02239583 0.10833333
0.00000000 0.49635417 0.47361111 0.01145833 0.06018519
0.00000000 0.69218750 0.46712963 0.01041667 0.04351852
0.00000000 0.76848958 0.47500000 0.00885417 0.04629630
0.00000000 0.76302083 0.47453704 0.01250000 0.04722222
0.00000000 0.78854167 0.46944444 0.00833333 0.04444444
0.00000000 0.79947917 0.47268519 0.00937500 0.04722222
0.00000000 0.33046875 0.61064815 0.09427083 0.29907407
