0.00000000 0.06848958 0.49444444 0.00989583 0.03888889
0.00000000 0.14583333 0.58333333 0.07083333 0.28518519
0.00000000 0.89635417 0.72222222 0.20729167 0.55555556
0.00000000 0.09140625 0.51388889 0.04531250 0.16481481
0.00000000 0.13906250 0.52685185 0.05520833 0.19259259
0.00000000 0.05807292 0.48703704 0.01510417 0.06111111
0.00000000 0.68932292 0.47638889 0.01302083 0.05092593
0.00000000 0.55781250 0.47037037 0.01145833 0.04259259
0.00000000 0.69348958 0.47777778 0.00989583 0.05555556
0.00000000 0.57395833 0.46944444 0.00729167 0.04444444
0.00000000 0.59843750 0.46898148 0.01354167 0.04537037
0.00000000 0.64296875 0.47407407 0.01302083 0.05185185
0.00000000 0.20416667 0.50046296 0.02500000 0.10462963
0.00000000 0.02552083 0.49861111 0.02083333 0.03425926
0.00000000 0.26067708 0.51064815 0.04427083 0.16203704
0.00000000 0.16536458 0.49907407 0.02760417 0.10370370
0.00000000 0.04479167 0.49074074 0.02291667 0.09259259
0.00000000 0.12005208 0.50324074 0.02239583 0.10092593
0.00000000 0.53984375 0.72685185 0.09843750 0.54629630
0.00000000 0.04010417 0.48148148 0.02187500 0.07962963
0.00000000 0.17838542 0.51064815 0.03385417 0.15462963
0.00000000 0.66796875 0.46712963 0.00989583 0.04722222
0.00000000 0.66041667 0.46944444 0.01145833 0.05000000
0.00000000 0.59739583 0.47638889 0.01458333 0.05277778
0.00000000 0.08854167 0.50324074 0.03958333 0.10462963
0.00000000 0.69166667 0.46805556 0.01145833 0.04351852
0.00000000 0.10572917 0.48425926 0.02500000 0.07962963
0.00000000 0.76406250 0.47175926 0.00833333 0.04722222
0.00000000 0.76015625 0.47222222 0.00781250 0.05000000
0.00000000 0.78984375 0.47037037 0.00885417 0.04444444
0.00000000 0.79895833 0.47361111 0.01145833 0.04722222
0.00000000 0.77760417 0.47407407 0.01250000 0.04814815
0.00000000 0.35885417 0.60416667 0.06875000 0.28981481
