0.00000000 0.06848958 0.49398148 0.00989583 0.03981481
0.00000000 0.13932292 0.57824074 0.07552083 0.28425926
0.00000000 0.09192708 0.50925926 0.04114583 0.16296296
0.00000000 0.05781250 0.48564815 0.01458333 0.06388889
0.00000000 0.69088542 0.47731481 0.01197917 0.05092593
0.00000000 0.56328125 0.46944444 0.00677083 0.04444444
0.00000000 0.68619792 0.47777778 0.00989583 0.05555556
0.00000000 0.57916667 0.46851852 0.01250000 0.04259259
0.00000000 0.60312500 0.46759259 0.00625000 0.04444444
0.00000000 0.64947917 0.47361111 0.00937500 0.05277778
0.00000000 0.20182292 0.49861111 0.02447917 0.10462963
0.00000000 0.02526042 0.49861111 0.02031250 0.03425926
0.00000000 0.25416667 0.50370370 0.03020833 0.15925926
0.00000000 0.16484375 0.50046296 0.02864583 0.10092593
0.00000000 0.04088542 0.48750000 0.02343750 0.09537037
0.00000000 0.12187500 0.50462963 0.02291667 0.10185185
0.00000000 0.57760417 0.73842593 0.15104167 0.52314815
0.00000000 0.04296875 0.48333333 0.02135417 0.07777778
0.00000000 0.18593750 0.50833333 0.03541667 0.16296296
0.00000000 0.66640625 0.46851852 0.01093750 0.04629630
0.00000000 0.65781250 0.47037037 0.01145833 0.05000000
0.00000000 0.59322917 0.47500000 0.01562500 0.05370370
0.00000000 0.76171875 0.47222222 0.01406250 0.04629630
0.00000000 0.75338542 0.47083333 0.01197917 0.05092593
0.00000000 0.79296875 0.46990741 0.01197917 0.04537037
0.00000000 0.79713542 0.47314815 0.00989583 0.04814815
0.00000000 0.80130208 0.47268519 0.00989583 0.05092593
0.00000000 0.77161458 0.47592593 0.01197917 0.04814815
0.00000000 0.39557292 0.59444444 0.06822917 0.27777778
