0.00000000 0.06744792 0.49444444 0.00989583 0.03888889
0.00000000 0.13619792 0.57916667 0.07760417 0.27314815
0.00000000 0.04609375 0.50046296 0.00781250 0.02870370
0.00000000 0.09114583 0.51157407 0.03750000 0.15462963
0.00000000 0.12968750 0.51574074 0.05208333 0.17777778
0.00000000 0.05781250 0.48750000 0.01562500 0.06018519
0.00000000 0.69609375 0.47731481 0.00989583 0.05277778
0.00000000 0.56718750 0.46944444 0.01041667 0.04259259
0.00000000 0.68281250 0.47777778 0.01250000 0.05185185
0.00000000 0.58463542 0.46944444 0.00781250 0.04629630
0.00000000 0.60859375 0.46851852 0.01197917 0.04629630
0.00000000 0.65364583 0.47361111 0.01354167 0.04907407
0.00000000 0.02395833 0.49861111 0.01770833 0.03425926
0.00000000 0.24479167 0.50462963 0.02500000 0.15370370
0.00000000 0.16536458 0.49814815 0.02864583 0.09629630
0.00000000 0.03880208 0.48888889 0.02656250 0.09074074
0.00000000 0.68828125 0.72731481 0.15052083 0.54537037
0.00000000 0.04557292 0.48240741 0.02135417 0.08148148
0.00000000 0.19296875 0.51064815 0.04322917 0.16388889
0.00000000 0.15781250 0.50046296 0.01250000 0.11388889
0.00000000 0.66406250 0.46666667 0.00833333 0.04629630
0.00000000 0.65442708 0.46944444 0.00885417 0.05000000
0.00000000 0.58802083 0.47453704 0.00937500 0.05462963
0.00000000 0.68619792 0.46851852 0.00989583 0.04629630
0.00000000 0.75781250 0.47175926 0.00937500 0.04537037
0.00000000 0.75156250 0.47129630 0.01354167 0.05000000
0.00000000 0.79296875 0.47222222 0.01197917 0.04444444
0.00000000 0.79166667 0.47453704 0.01250000 0.04722222
0.00000000 0.79869792 0.47314815 0.00989583 0.05000000
0.00000000 0.76562500 0.47268519 0.00937500 0.04907407
0.00000000 0.82395833 0.47129630 0.01250000 0.05370370
0.00000000 0.40911458 0.59398148 0.06093750 0.26388889
