0.00000000 0.06744792 0.49351852 0.00989583 0.04074074
0.00000000 0.13802083 0.57129630 0.07187500 0.26666667
0.00000000 0.08750000 0.51018519 0.03645833 0.15185185
0.00000000 0.12838542 0.51620370 0.05468750 0.16944444
0.00000000 0.05729167 0.48564815 0.01458333 0.06203704
0.00000000 0.69973958 0.47870370 0.01197917 0.05185185
0.00000000 0.57395833 0.46898148 0.00833333 0.04351852
0.00000000 0.67552083 0.47777778 0.00729167 0.05555556
0.00000000 0.59166667 0.46944444 0.01354167 0.04444444
0.00000000 0.60989583 0.46944444 0.01145833 0.04629630
0.00000000 0.65807292 0.47361111 0.00989583 0.05277778
0.00000000 0.02395833 0.49861111 0.01770833 0.03425926
0.00000000 0.23645833 0.50092593 0.03333333 0.15555556
0.00000000 0.16145833 0.49768519 0.02291667 0.09907407
0.00000000 0.03645833 0.48611111 0.02291667 0.09259259
0.00000000 0.77500000 0.74305556 0.27500000 0.51388889
0.00000000 0.04817708 0.48240741 0.02343750 0.08333333
0.00000000 0.19921875 0.51388889 0.04218750 0.17222222
0.00000000 0.17317708 0.50231481 0.03072917 0.11018519
0.00000000 0.66302083 0.46851852 0.00833333 0.04629630
0.00000000 0.65078125 0.47175926 0.00885417 0.05092593
0.00000000 0.58359375 0.47500000 0.00989583 0.05370370
0.00000000 0.68229167 0.46851852 0.00937500 0.04629630
0.00000000 0.75494792 0.47083333 0.00677083 0.04722222
0.00000000 0.74765625 0.46944444 0.00885417 0.04814815
0.00000000 0.78541667 0.47453704 0.00729167 0.04722222
0.00000000 0.79453125 0.47314815 0.00781250 0.05000000
0.00000000 0.76510417 0.47129630 0.02083333 0.04814815
0.00000000 0.81640625 0.47083333 0.01093750 0.05462963
0.00000000 0.44166667 0.58194444 0.05937500 0.26018519
