0.00000000 0.06718750 0.49444444 0.01041667 0.03888889
0.00000000 0.03906250 0.49629630 0.00937500 0.03703704
0.00000000 0.13671875 0.56388889 0.06302083 0.26111111
0.00000000 0.04557292 0.50046296 0.00885417 0.02870370
0.00000000 0.08593750 0.50833333 0.04062500 0.15000000
0.00000000 0.13177083 0.51064815 0.05208333 0.16018519
0.00000000 0.05729167 0.48888889 0.01458333 0.05555556
0.00000000 0.70338542 0.47824074 0.00781250 0.05277778
0.00000000 0.67161458 0.47824074 0.01197917 0.05277778
0.00000000 0.59453125 0.46898148 0.00677083 0.04537037
0.00000000 0.61484375 0.46759259 0.00885417 0.04629630
0.00000000 0.66562500 0.47407407 0.01250000 0.05185185
0.00000000 0.19010417 0.49537037 0.02083333 0.09629630
0.00000000 0.02552083 0.49861111 0.02083333 0.03425926
0.00000000 0.23177083 0.50324074 0.03333333 0.14722222
0.00000000 0.15729167 0.50092593 0.02291667 0.09629630
0.00000000 0.03515625 0.48750000 0.02135417 0.08796296
0.00000000 0.87317708 0.72916667 0.17135417 0.54166667
0.00000000 0.05000000 0.48379630 0.02187500 0.08240741
0.00000000 0.20755208 0.51712963 0.04114583 0.17500000
0.00000000 0.17968750 0.50138889 0.02812500 0.10833333
0.00000000 0.65989583 0.46851852 0.00937500 0.04814815
0.00000000 0.64817708 0.47083333 0.01197917 0.05092593
0.00000000 0.57760417 0.47361111 0.01354167 0.05462963
0.00000000 0.67864583 0.46851852 0.00937500 0.04629630
0.00000000 0.15182292 0.48240741 0.01093750 0.07962963
0.00000000 0.75364583 0.47083333 0.00625000 0.04722222
0.00000000 0.74583333 0.47037037 0.01041667 0.05000000
0.00000000 0.79166667 0.47361111 0.00937500 0.04907407
0.00000000 0.76901042 0.47129630 0.01406250 0.05000000
0.00000000 0.80338542 0.48101852 0.05781250 0.08981481
0.00000000 0.46588542 0.58425926 0.08177083 0.24814815
