0.00000000 0.06796875 0.49351852 0.00989583 0.04074074
0.00000000 0.03958333 0.49629630 0.01041667 0.03888889
0.00000000 0.13203125 0.56203704 0.06093750 0.25185185
0.00000000 0.04531250 0.50000000 0.00833333 0.02962963
0.00000000 0.08619792 0.51018519 0.03802083 0.14629630
0.00000000 0.13255208 0.50740741 0.05260417 0.16296296
0.00000000 0.05677083 0.48703704 0.01354167 0.05740741
0.00000000 0.70911458 0.47870370 0.01406250 0.05185185
0.00000000 0.58463542 0.46898148 0.00572917 0.04351852
0.00000000 0.66510417 0.47638889 0.00625000 0.05277778
0.00000000 0.59817708 0.46851852 0.01093750 0.04444444
0.00000000 0.61770833 0.46851852 0.01145833 0.04444444
0.00000000 0.66979167 0.47453704 0.01458333 0.05092593
0.00000000 0.18776042 0.49814815 0.02343750 0.09629630
0.00000000 0.02395833 0.49861111 0.01770833 0.03425926
0.00000000 0.22682292 0.49814815 0.02760417 0.14444444
0.00000000 0.15078125 0.49629630 0.02656250 0.09629630
0.00000000 0.03125000 0.48518519 0.02187500 0.08888889
0.00000000 0.09270833 0.49074074 0.02083333 0.07962963
0.00000000 0.91953125 0.73842593 0.16093750 0.52314815
0.00000000 0.05130208 0.48425926 0.02447917 0.08333333
0.00000000 0.21718750 0.52222222 0.03541667 0.17962963
0.00000000 0.18854167 0.49953704 0.01666667 0.10833333
0.00000000 0.65937500 0.46944444 0.01041667 0.04814815
0.00000000 0.64505208 0.47129630 0.01406250 0.05000000
0.00000000 0.57317708 0.47407407 0.01302083 0.05555556
0.00000000 0.15703125 0.50138889 0.02343750 0.10648148
0.00000000 0.67526042 0.46898148 0.00781250 0.04537037
0.00000000 0.16354167 0.48518519 0.02604167 0.07777778
0.00000000 0.75312500 0.47083333 0.00729167 0.04722222
0.00000000 0.74583333 0.47037037 0.01041667 0.04814815
0.00000000 0.78984375 0.47361111 0.01197917 0.04907407
0.00000000 0.77031250 0.47361111 0.01250000 0.05092593
0.00000000 0.80494792 0.47129630 0.00885417 0.05370370
0.00000000 0.48645833 0.56898148 0.03541667 0.23796296
