0.00000000 0.06770833 0.49259259 0.01041667 0.04074074
0.00000000 0.03958333 0.49629630 0.01041667 0.03703704
0.00000000 0.12656250 0.55324074 0.06562500 0.24722222
0.00000000 0.04557292 0.49953704 0.00781250 0.03055556
0.00000000 0.08567708 0.50601852 0.03593750 0.14351852
0.00000000 0.13046875 0.51064815 0.04947917 0.14722222
0.00000000 0.70989583 0.47916667 0.01354167 0.05277778
0.00000000 0.58906250 0.47037037 0.01041667 0.04259259
0.00000000 0.65989583 0.47500000 0.01145833 0.05000000
0.00000000 0.60104167 0.46944444 0.01041667 0.04629630
0.00000000 0.62057292 0.46851852 0.00989583 0.04629630
0.00000000 0.67734375 0.47361111 0.00989583 0.05092593
0.00000000 0.17916667 0.49629630 0.02187500 0.09814815
0.00000000 0.02552083 0.49861111 0.02083333 0.03425926
0.00000000 0.21875000 0.50138889 0.02291667 0.13796296
0.00000000 0.14583333 0.50138889 0.02812500 0.09537037
0.00000000 0.02968750 0.48518519 0.02500000 0.08703704
0.00000000 0.09661458 0.48796296 0.01718750 0.08518519
0.00000000 0.05286458 0.48333333 0.02343750 0.08518519
0.00000000 0.22734375 0.52175926 0.04427083 0.18796296
0.00000000 0.19843750 0.50000000 0.02708333 0.10555556
0.00000000 0.65989583 0.46944444 0.01041667 0.04629630
0.00000000 0.64218750 0.47083333 0.00937500 0.05092593
0.00000000 0.16848958 0.50046296 0.02864583 0.10833333
0.00000000 0.67161458 0.46851852 0.00781250 0.04629630
0.00000000 0.17317708 0.48425926 0.00989583 0.07777778
0.00000000 0.75130208 0.47037037 0.01614583 0.04629630
0.00000000 0.74401042 0.46898148 0.00781250 0.04907407
0.00000000 0.76458333 0.47222222 0.01770833 0.04814815
0.00000000 0.79088542 0.47361111 0.01093750 0.04907407
0.00000000 0.77291667 0.47453704 0.01145833 0.05092593
0.00000000 0.79895833 0.47268519 0.01354167 0.05092593
0.00000000 0.50364583 0.57222222 0.04791667 0.23333333
