0.00000000 0.06666667 0.49351852 0.01041667 0.04074074
0.00000000 0.03958333 0.49583333 0.00937500 0.03981481
0.00000000 0.12343750 0.55231481 0.06875000 0.24722222
0.00000000 0.04505208 0.50046296 0.00781250 0.02870370
0.00000000 0.08411458 0.50972222 0.03385417 0.13611111
0.00000000 0.71614583 0.47824074 0.01041667 0.05277778
0.00000000 0.65572917 0.47453704 0.00937500 0.05092593
0.00000000 0.60390625 0.46898148 0.00885417 0.04537037
0.00000000 0.62447917 0.46898148 0.00937500 0.04907407
0.00000000 0.68177083 0.47546296 0.01354167 0.05092593
0.00000000 0.17473958 0.50046296 0.02864583 0.08981481
0.00000000 0.02552083 0.49907407 0.02083333 0.03333333
0.00000000 0.21302083 0.49953704 0.02812500 0.14166667
0.00000000 0.96718750 0.71388889 0.06562500 0.51481481
0.00000000 0.14270833 0.49861111 0.02604167 0.09537037
0.00000000 0.02942708 0.48425926 0.02239583 0.08703704
0.00000000 0.09973958 0.49305556 0.01822917 0.08796296
0.00000000 0.05390625 0.48518519 0.02135417 0.08518519
0.00000000 0.23541667 0.52916667 0.04791667 0.19166667
0.00000000 0.20494792 0.50000000 0.03489583 0.10555556
0.00000000 0.66067708 0.46851852 0.00989583 0.04814815
0.00000000 0.63828125 0.47314815 0.00989583 0.05185185
0.00000000 0.17421875 0.50138889 0.02760417 0.10648148
0.00000000 0.66875000 0.46944444 0.01041667 0.04629630
0.00000000 0.18645833 0.48935185 0.02395833 0.07500000
0.00000000 0.75286458 0.47129630 0.01718750 0.04629630
0.00000000 0.74088542 0.47037037 0.01406250 0.04444444
0.00000000 0.78906250 0.47500000 0.00729167 0.04629630
0.00000000 0.76145833 0.47083333 0.01041667 0.04907407
0.00000000 0.77317708 0.47500000 0.01093750 0.05185185
0.00000000 0.79427083 0.47314815 0.01041667 0.05185185
0.00000000 0.51953125 0.56296296 0.03697917 0.22592593
