0.00000000 0.06718750 0.49351852 0.01041667 0.04074074
0.00000000 0.03958333 0.49537037 0.01041667 0.04074074
0.00000000 0.12500000 0.55185185 0.06875000 0.23888889
0.00000000 0.04453125 0.50000000 0.00885417 0.02962963
0.00000000 0.08255208 0.50555556 0.03385417 0.13703704
0.00000000 0.12317708 0.50925926 0.04843750 0.15000000
0.00000000 0.05598958 0.48842593 0.01510417 0.05277778
0.00000000 0.72083333 0.47870370 0.01145833 0.05185185
0.00000000 0.65000000 0.47453704 0.00937500 0.05277778
0.00000000 0.62734375 0.46990741 0.01093750 0.04722222
0.00000000 0.68828125 0.47592593 0.00885417 0.05555556
0.00000000 0.16796875 0.49583333 0.02135417 0.09537037
0.00000000 0.02552083 0.49861111 0.02083333 0.03425926
0.00000000 0.20989583 0.50000000 0.03020833 0.13333333
0.00000000 0.93125000 0.69027778 0.13333333 0.55648148
0.00000000 0.02864583 0.48425926 0.02291667 0.08333333
0.00000000 0.10104167 0.49120370 0.01979167 0.09166667
0.00000000 0.13958333 0.50509259 0.01979167 0.11018519
0.00000000 0.05598958 0.48472222 0.02343750 0.08796296
0.00000000 0.24609375 0.52824074 0.04322917 0.19907407
0.00000000 0.21640625 0.49722222 0.01406250 0.10555556
0.00000000 0.66093750 0.47175926 0.01145833 0.04907407
0.00000000 0.63515625 0.47314815 0.01197917 0.05370370
0.00000000 0.18723958 0.50000000 0.02760417 0.10925926
0.00000000 0.66484375 0.46944444 0.00885417 0.04814815
0.00000000 0.19531250 0.48842593 0.01458333 0.07685185
0.00000000 0.75156250 0.47083333 0.01041667 0.04537037
0.00000000 0.75729167 0.46944444 0.00937500 0.04629630
0.00000000 0.79401042 0.47361111 0.01302083 0.04907407
0.00000000 0.77395833 0.47500000 0.00937500 0.05185185
0.00000000 0.78671875 0.47314815 0.01197917 0.05185185
0.00000000 0.52239583 0.56018519 0.05312500 0.21851852
