0.00000000 0.06718750 0.49444444 0.01041667 0.03888889
0.00000000 0.03932292 0.49444444 0.00989583 0.04259259
0.00000000 0.12734375 0.54212963 0.06093750 0.23240741
0.00000000 0.04479167 0.50000000 0.00937500 0.02962963
0.00000000 0.08151042 0.50787037 0.03697917 0.13240741
0.00000000 0.05494792 0.48750000 0.01406250 0.05462963
0.00000000 0.72500000 0.47731481 0.00833333 0.05462963
0.00000000 0.64791667 0.47407407 0.01041667 0.05185185
0.00000000 0.69505208 0.47777778 0.01510417 0.05370370
0.00000000 0.16536458 0.49814815 0.02239583 0.09074074
0.00000000 0.02552083 0.49861111 0.02083333 0.03425926
0.00000000 0.20520833 0.49861111 0.02500000 0.13425926
0.00000000 0.86562500 0.68796296 0.18333333 0.50555556
0.00000000 0.02682292 0.48333333 0.02031250 0.08333333
0.00000000 0.10078125 0.49259259 0.02343750 0.08703704
0.00000000 0.14244792 0.50694444 0.02135417 0.11759259
0.00000000 0.05703125 0.48611111 0.02447917 0.08703704
0.00000000 0.25729167 0.53935185 0.04062500 0.20277778
0.00000000 0.22734375 0.49814815 0.02760417 0.10370370
0.00000000 0.66093750 0.47083333 0.01041667 0.05092593
0.00000000 0.63203125 0.47314815 0.01197917 0.05185185
0.00000000 0.19947917 0.50138889 0.03958333 0.10648148
0.00000000 0.20911458 0.48796296 0.02135417 0.07777778
0.00000000 0.73802083 0.46944444 0.00937500 0.04814815
0.00000000 0.75364583 0.47129630 0.01041667 0.05000000
0.00000000 0.79375000 0.47361111 0.01041667 0.04722222
0.00000000 0.77343750 0.47407407 0.00833333 0.05000000
0.00000000 0.51927083 0.55740741 0.04479167 0.20555556
