0.00000000 0.06744792 0.49351852 0.00989583 0.04074074
0.00000000 0.03906250 0.49490741 0.01041667 0.04166667
0.00000000 0.12630208 0.54305556 0.05572917 0.22870370
0.00000000 0.04505208 0.49907407 0.00885417 0.03148148
0.00000000 0.08333333 0.50694444 0.03437500 0.13055556
0.00000000 0.73072917 0.47777778 0.01562500 0.05370370
0.00000000 0.64270833 0.47268519 0.00833333 0.05092593
0.00000000 0.69843750 0.47777778 0.01354167 0.05370370
0.00000000 0.15807292 0.49629630 0.02239583 0.09444444
0.00000000 0.02552083 0.49861111 0.02083333 0.03425926
0.00000000 0.19843750 0.50092593 0.02187500 0.12777778
0.00000000 0.78541667 0.65555556 0.08333333 0.47777778
0.00000000 0.02630208 0.48287037 0.02239583 0.08240741
0.00000000 0.10390625 0.49120370 0.02031250 0.08981481
0.00000000 0.14687500 0.50694444 0.02500000 0.11944444
0.00000000 0.05729167 0.48657407 0.02500000 0.08796296
0.00000000 0.27005208 0.53842593 0.04739583 0.21574074
0.00000000 0.23203125 0.49675926 0.02864583 0.10277778
0.00000000 0.65963542 0.47222222 0.01302083 0.05000000
0.00000000 0.21666667 0.49814815 0.01770833 0.10925926
0.00000000 0.65885417 0.46898148 0.00833333 0.04537037
0.00000000 0.21588542 0.48750000 0.02135417 0.07314815
0.00000000 0.75520833 0.47129630 0.00937500 0.04629630
0.00000000 0.73671875 0.46898148 0.01093750 0.04907407
0.00000000 0.75234375 0.47083333 0.01197917 0.05092593
0.00000000 0.52760417 0.54722222 0.04270833 0.20185185
