0.00000000 0.06744792 0.49259259 0.00989583 0.03888889
0.00000000 0.03984375 0.49444444 0.00989583 0.04259259
0.00000000 0.12161458 0.53842593 0.05677083 0.22129630
0.00000000 0.04505208 0.49907407 0.00885417 0.03148148
0.00000000 0.08151042 0.50555556 0.03177083 0.12777778
0.00000000 0.05520833 0.48796296 0.01354167 0.05370370
0.00000000 0.63932292 0.47361111 0.01093750 0.04907407
0.00000000 0.63802083 0.47083333 0.01041667 0.04722222
0.00000000 0.70468750 0.47731481 0.00937500 0.05462963
0.00000000 0.15130208 0.49814815 0.02447917 0.09074074
0.00000000 0.02552083 0.49907407 0.02083333 0.03333333
0.00000000 0.19270833 0.50000000 0.03229167 0.12962963
0.00000000 0.74140625 0.66018519 0.14010417 0.44629630
0.00000000 0.02786458 0.48240741 0.02031250 0.08148148
0.00000000 0.10703125 0.49351852 0.02135417 0.09074074
0.00000000 0.15026042 0.50740741 0.02447917 0.12037037
0.00000000 0.05729167 0.48611111 0.02395833 0.09074074
0.00000000 0.27968750 0.54861111 0.05833333 0.21759259
0.00000000 0.24114583 0.49490741 0.01562500 0.10277778
0.00000000 0.65598958 0.47222222 0.00989583 0.05185185
0.00000000 0.23046875 0.50000000 0.04114583 0.10555556
0.00000000 0.65546875 0.46990741 0.01093750 0.04722222
0.00000000 0.75546875 0.47083333 0.00781250 0.04722222
0.00000000 0.77421875 0.47129630 0.01302083 0.04629630
0.00000000 0.74973958 0.47129630 0.01197917 0.05000000
0.00000000 0.78619792 0.47407407 0.00989583 0.04814815
0.00000000 0.76614583 0.47592593 0.01354167 0.04814815
0.00000000 0.77005208 0.47638889 0.01614583 0.05092593
0.00000000 0.53463542 0.54861111 0.03697917 0.19537037
