0.00000000 0.03932292 0.49444444 0.00989583 0.04259259
0.00000000 0.11666667 0.53379630 0.05937500 0.22129630
0.00000000 0.04479167 0.49953704 0.00833333 0.03055556
0.00000000 0.07942708 0.50694444 0.02968750 0.12314815
0.00000000 0.73932292 0.47685185 0.00989583 0.05555556
0.00000000 0.64192708 0.47037037 0.00677083 0.04814815
0.00000000 0.71119792 0.47777778 0.01822917 0.05370370
0.00000000 0.14557292 0.49444444 0.02031250 0.08888889
0.00000000 0.02552083 0.49861111 0.02083333 0.03425926
0.00000000 0.18802083 0.50138889 0.03125000 0.12314815
0.00000000 0.68411458 0.62592593 0.06822917 0.40555556
0.00000000 0.02708333 0.48333333 0.02083333 0.07962963
0.00000000 0.15130208 0.50555556 0.02239583 0.12407407
0.00000000 0.05833333 0.48750000 0.02291667 0.08796296
0.00000000 0.29218750 0.54907407 0.04791667 0.22962963
0.00000000 0.25234375 0.49583333 0.03072917 0.10092593
0.00000000 0.65052083 0.47268519 0.01354167 0.05092593
0.00000000 0.24244792 0.49768519 0.02552083 0.10648148
0.00000000 0.65182292 0.47037037 0.01093750 0.04814815
0.00000000 0.23671875 0.48611111 0.02968750 0.07407407
0.00000000 0.75390625 0.47129630 0.00781250 0.04814815
0.00000000 0.73671875 0.46898148 0.00885417 0.04907407
0.00000000 0.77343750 0.47175926 0.01250000 0.04722222
0.00000000 0.74557292 0.47129630 0.01197917 0.05185185
0.00000000 0.78255208 0.47500000 0.01093750 0.04444444
0.00000000 0.76276042 0.47037037 0.00885417 0.04814815
0.00000000 0.76484375 0.47592593 0.00781250 0.05185185
0.00000000 0.54791667 0.54490741 0.03125000 0.19537037
