0.00000000 0.03854167 0.49444444 0.01041667 0.04259259
0.00000000 0.11406250 0.53564815 0.06145833 0.21388889
0.00000000 0.04453125 0.49861111 0.00885417 0.03240741
0.00000000 0.07786458 0.50370370 0.03072917 0.12407407
0.00000000 0.05390625 0.48703704 0.01302083 0.05370370
0.00000000 0.74322917 0.47731481 0.01354167 0.05462963
0.00000000 0.71458333 0.47685185 0.01145833 0.05555556
0.00000000 0.14114583 0.49027778 0.01770833 0.08981481
0.00000000 0.02552083 0.49861111 0.02083333 0.03425926
0.00000000 0.18489583 0.50046296 0.02187500 0.12314815
0.00000000 0.64192708 0.63009259 0.12343750 0.38055556
0.00000000 0.02526042 0.48425926 0.01927083 0.07777778
0.00000000 0.15286458 0.50833333 0.02343750 0.12407407
0.00000000 0.06119792 0.48796296 0.02343750 0.09074074
0.00000000 0.30781250 0.56203704 0.05208333 0.23148148
0.00000000 0.25260417 0.49398148 0.02395833 0.09722222
0.00000000 0.64687500 0.47175926 0.00833333 0.04907407
0.00000000 0.25807292 0.49629630 0.03385417 0.10370370
0.00000000 0.64843750 0.46898148 0.00833333 0.04722222
0.00000000 0.24505208 0.48333333 0.01093750 0.07592593
0.00000000 0.75286458 0.47129630 0.00677083 0.04814815
0.00000000 0.73697917 0.46898148 0.00729167 0.04907407
0.00000000 0.77317708 0.47129630 0.01302083 0.04814815
0.00000000 0.74401042 0.47129630 0.01302083 0.05000000
0.00000000 0.77760417 0.47175926 0.00520833 0.04722222
0.00000000 0.76041667 0.47129630 0.01562500 0.04814815
0.00000000 0.76015625 0.47592593 0.01406250 0.05000000
0.00000000 0.57942708 0.54490741 0.04843750 0.19722222
