0.00000000 0.03906250 0.49351852 0.01041667 0.04444444
0.00000000 0.11562500 0.53240741 0.05833333 0.21111111
0.00000000 0.04479167 0.49953704 0.00937500 0.03055556
0.00000000 0.07578125 0.50648148 0.03385417 0.11851852
0.00000000 0.05364583 0.48750000 0.01458333 0.05462963
0.00000000 0.74765625 0.47592593 0.00885417 0.05555556
0.00000000 0.64843750 0.47222222 0.00937500 0.05000000
0.00000000 0.72291667 0.47685185 0.01354167 0.05555556
0.00000000 0.13723958 0.48796296 0.01927083 0.08703704
0.00000000 0.02552083 0.50000000 0.02083333 0.03148148
0.00000000 0.17864583 0.50138889 0.01979167 0.11944444
0.00000000 0.60546875 0.60787037 0.06927083 0.35648148
0.00000000 0.10755208 0.48611111 0.02343750 0.08703704
0.00000000 0.02552083 0.48425926 0.02083333 0.07777778
0.00000000 0.15651042 0.50648148 0.02760417 0.12777778
0.00000000 0.06354167 0.48750000 0.02500000 0.09166667
0.00000000 0.32187500 0.56203704 0.04583333 0.24259259
0.00000000 0.26484375 0.49490741 0.01614583 0.09537037
0.00000000 0.63984375 0.47268519 0.01197917 0.05092593
0.00000000 0.26588542 0.49398148 0.01927083 0.10277778
0.00000000 0.64531250 0.47037037 0.00937500 0.04814815
0.00000000 0.25598958 0.48379630 0.02239583 0.07314815
0.00000000 0.75156250 0.47083333 0.00833333 0.04722222
0.00000000 0.73645833 0.46851852 0.00729167 0.04814815
0.00000000 0.77447917 0.47268519 0.01354167 0.04722222
0.00000000 0.74296875 0.47037037 0.01614583 0.05000000
0.00000000 0.77343750 0.47037037 0.01458333 0.04629630
0.00000000 0.75911458 0.46990741 0.01510417 0.04907407
0.00000000 0.75625000 0.47129630 0.01041667 0.05000000
