0.00000000 0.03906250 0.49444444 0.01145833 0.04259259
0.00000000 0.11510417 0.52731481 0.05104167 0.20648148
0.00000000 0.04505208 0.49861111 0.00885417 0.03240741
0.00000000 0.07395833 0.50277778 0.03020833 0.11851852
0.00000000 0.05364583 0.48796296 0.01354167 0.05370370
0.00000000 0.75546875 0.47592593 0.01718750 0.05555556
0.00000000 0.64531250 0.47222222 0.00729167 0.04814815
0.00000000 0.65390625 0.47222222 0.01093750 0.05185185
0.00000000 0.72760417 0.47685185 0.01458333 0.05555556
0.00000000 0.13177083 0.48379630 0.02291667 0.08425926
0.00000000 0.02552083 0.49907407 0.02083333 0.03333333
0.00000000 0.17343750 0.50138889 0.02916667 0.11944444
0.00000000 0.56432292 0.60925926 0.08802083 0.34444444
0.00000000 0.10312500 0.48703704 0.02812500 0.08148148
0.00000000 0.02734375 0.48518519 0.02135417 0.07592593
0.00000000 0.13671875 0.50277778 0.02343750 0.09814815
0.00000000 0.15937500 0.50833333 0.03229167 0.12962963
0.00000000 0.06510417 0.48842593 0.02604167 0.08981481
0.00000000 0.33776042 0.57500000 0.06302083 0.25370370
0.00000000 0.27630208 0.49537037 0.02864583 0.10000000
0.00000000 0.64088542 0.46990741 0.00677083 0.04722222
0.00000000 0.26432292 0.48240741 0.01510417 0.07407407
0.00000000 0.75234375 0.47222222 0.01197917 0.04444444
0.00000000 0.73697917 0.46944444 0.00937500 0.04814815
0.00000000 0.77473958 0.47592593 0.01302083 0.04814815
0.00000000 0.74401042 0.47129630 0.01302083 0.05000000
0.00000000 0.77057292 0.46990741 0.00885417 0.04722222
0.00000000 0.76328125 0.47083333 0.01510417 0.04907407
0.00000000 0.75052083 0.47129630 0.01250000 0.05000000
0.00000000 0.62421875 0.54629630 0.03489583 0.20555556
