0.00000000 0.03906250 0.49305556 0.01041667 0.04537037
0.00000000 0.11250000 0.52731481 0.05000000 0.20092593
0.00000000 0.04505208 0.49861111 0.00885417 0.03240741
0.00000000 0.07291667 0.50509259 0.02812500 0.11388889
0.00000000 0.11953125 0.50601852 0.04114583 0.12685185
0.00000000 0.05286458 0.48842593 0.01302083 0.05277778
0.00000000 0.75677083 0.47592593 0.01562500 0.05555556
0.00000000 0.65078125 0.47361111 0.01302083 0.04722222
0.00000000 0.83463542 0.47870370 0.01197917 0.07037037
0.00000000 0.65781250 0.47361111 0.01354167 0.05092593
0.00000000 0.73489583 0.47546296 0.01250000 0.05648148
0.00000000 0.12682292 0.48657407 0.02135417 0.08425926
0.00000000 0.02552083 0.49861111 0.02083333 0.03425926
0.00000000 0.16901042 0.50138889 0.02552083 0.11574074
0.00000000 0.53177083 0.59537037 0.06354167 0.32407407
0.00000000 0.10052083 0.48472222 0.02500000 0.08240741
0.00000000 0.02552083 0.48472222 0.02187500 0.07500000
0.00000000 0.14296875 0.50277778 0.02760417 0.09814815
0.00000000 0.15807292 0.50833333 0.02864583 0.13148148
0.00000000 0.06692708 0.48842593 0.02552083 0.09351852
0.00000000 0.35390625 0.57500000 0.05468750 0.27037037
0.00000000 0.27994792 0.49259259 0.02343750 0.09629630
0.00000000 0.27421875 0.49537037 0.02552083 0.10000000
0.00000000 0.63880208 0.47037037 0.00885417 0.04629630
0.00000000 0.27916667 0.48101852 0.02291667 0.07314815
0.00000000 0.75208333 0.47129630 0.00833333 0.04444444
0.00000000 0.73385417 0.46851852 0.00937500 0.04629630
0.00000000 0.77552083 0.47638889 0.01250000 0.04907407
0.00000000 0.75052083 0.47083333 0.00937500 0.05092593
0.00000000 0.76432292 0.47037037 0.01093750 0.04814815
0.00000000 0.74869792 0.47037037 0.01093750 0.04814815
0.00000000 0.64531250 0.55000000 0.06354167 0.20000000
