0.00000000 0.03932292 0.49305556 0.01093750 0.04351852
0.00000000 0.10833333 0.52175926 0.05312500 0.19907407
0.00000000 0.04531250 0.49953704 0.00833333 0.03055556
0.00000000 0.06770833 0.50324074 0.02812500 0.11388889
0.00000000 0.11640625 0.50694444 0.03697917 0.12685185
0.00000000 0.05026042 0.48842593 0.01197917 0.05277778
0.00000000 0.76484375 0.47500000 0.00885417 0.05740741
0.00000000 0.65703125 0.47268519 0.00677083 0.04907407
0.00000000 0.64739583 0.47546296 0.00729167 0.05462963
0.00000000 0.66119792 0.47314815 0.00885417 0.04814815
0.00000000 0.73854167 0.47592593 0.01666667 0.05555556
0.00000000 0.12447917 0.48472222 0.02083333 0.08611111
0.00000000 0.02552083 0.49861111 0.02083333 0.03425926
0.00000000 0.16276042 0.50138889 0.01718750 0.11574074
0.00000000 0.50286458 0.59074074 0.07968750 0.30370370
0.00000000 0.09843750 0.48611111 0.01979167 0.08333333
0.00000000 0.02447917 0.48564815 0.01979167 0.07314815
0.00000000 0.15468750 0.50833333 0.02500000 0.13518519
0.00000000 0.07109375 0.48981481 0.02447917 0.09259259
0.00000000 0.37942708 0.58287037 0.06927083 0.27314815
0.00000000 0.27760417 0.49351852 0.02500000 0.10000000
0.00000000 0.63645833 0.46990741 0.00937500 0.04722222
0.00000000 0.75182292 0.47083333 0.00677083 0.04722222
0.00000000 0.73177083 0.46898148 0.01041667 0.04907407
0.00000000 0.77708333 0.47731481 0.00937500 0.04722222
0.00000000 0.75494792 0.47175926 0.01510417 0.04907407
0.00000000 0.76067708 0.46944444 0.01093750 0.04629630
0.00000000 0.76744792 0.47037037 0.00989583 0.05000000
0.00000000 0.74427083 0.46851852 0.01354167 0.04814815
0.00000000 0.66927083 0.54629630 0.02916667 0.20740741
