0.00000000 0.03880208 0.49212963 0.01093750 0.04537037
0.00000000 0.10494792 0.52129630 0.05677083 0.19814815
0.00000000 0.04479167 0.49861111 0.00937500 0.03240741
0.00000000 0.06458333 0.50324074 0.03125000 0.11203704
0.00000000 0.11692708 0.50370370 0.03697917 0.12592593
0.00000000 0.04973958 0.48888889 0.01406250 0.05185185
0.00000000 0.76953125 0.47546296 0.01614583 0.05648148
0.00000000 0.81979167 0.47083333 0.01354167 0.05092593
0.00000000 0.66171875 0.47361111 0.01302083 0.04722222
0.00000000 0.81510417 0.48009259 0.01562500 0.07314815
0.00000000 0.65442708 0.47685185 0.01614583 0.05185185
0.00000000 0.66718750 0.47361111 0.01354167 0.05092593
0.00000000 0.74687500 0.47407407 0.01145833 0.05925926
0.00000000 0.02552083 0.49861111 0.02083333 0.03425926
0.00000000 0.48437500 0.58287037 0.06250000 0.28796296
0.00000000 0.09322917 0.48657407 0.01979167 0.08240741
0.00000000 0.02500000 0.48472222 0.01979167 0.07500000
0.00000000 0.16588542 0.50277778 0.03177083 0.10000000
0.00000000 0.15494792 0.51064815 0.02760417 0.13611111
0.00000000 0.07447917 0.49074074 0.02187500 0.09444444
0.00000000 0.38906250 0.58796296 0.05625000 0.28888889
0.00000000 0.28020833 0.49537037 0.02916667 0.09259259
0.00000000 0.75130208 0.47083333 0.00677083 0.04722222
0.00000000 0.73020833 0.46990741 0.01041667 0.04907407
0.00000000 0.77786458 0.47638889 0.00989583 0.04722222
0.00000000 0.76041667 0.47083333 0.01041667 0.05092593
0.00000000 0.75703125 0.46851852 0.00572917 0.04629630
0.00000000 0.76848958 0.47037037 0.00989583 0.05000000
0.00000000 0.74661458 0.47037037 0.02135417 0.04814815
0.00000000 0.69609375 0.54861111 0.06510417 0.20277778
