0.00000000 0.03828125 0.49259259 0.01197917 0.04444444
0.00000000 0.10598958 0.52222222 0.05677083 0.19259259
0.00000000 0.04531250 0.50000000 0.00937500 0.02962963
0.00000000 0.06432292 0.50046296 0.03072917 0.10833333
0.00000000 0.11901042 0.50648148 0.03697917 0.11851852
0.00000000 0.05026042 0.48888889 0.01302083 0.05185185
0.00000000 0.77473958 0.47407407 0.00885417 0.05925926
0.00000000 0.81093750 0.47268519 0.00625000 0.05092593
0.00000000 0.67135417 0.47361111 0.00729167 0.04907407
0.00000000 0.80286458 0.47962963 0.01822917 0.07407407
0.00000000 0.66171875 0.47500000 0.00885417 0.05185185
0.00000000 0.66901042 0.47500000 0.01197917 0.05185185
0.00000000 0.75182292 0.47500000 0.01718750 0.05740741
0.00000000 0.81796875 0.47037037 0.00781250 0.05370370
0.00000000 0.02552083 0.49861111 0.02083333 0.03425926
0.00000000 0.45286458 0.57777778 0.06093750 0.28148148
0.00000000 0.08958333 0.48518519 0.02395833 0.08518519
0.00000000 0.02630208 0.48472222 0.02031250 0.07500000
0.00000000 0.17421875 0.50092593 0.01822917 0.10370370
0.00000000 0.15833333 0.50879630 0.03020833 0.13981481
0.00000000 0.08151042 0.49027778 0.02135417 0.09722222
0.00000000 0.41796875 0.59351852 0.07447917 0.30555556
0.00000000 0.29427083 0.49259259 0.01770833 0.09259259
0.00000000 0.72968750 0.46944444 0.01250000 0.05000000
0.00000000 0.76770833 0.47314815 0.01354167 0.05000000
0.00000000 0.76848958 0.46990741 0.00885417 0.05092593
0.00000000 0.74869792 0.46990741 0.01197917 0.04907407
0.00000000 0.71536458 0.54814815 0.03697917 0.20925926
