0.00000000 0.03932292 0.49305556 0.01093750 0.04537037
0.00000000 0.10807292 0.51666667 0.05052083 0.18888889
0.00000000 0.04557292 0.49907407 0.00885417 0.03148148
0.00000000 0.06223958 0.49629630 0.02864583 0.10925926
0.00000000 0.11953125 0.50416667 0.03489583 0.12314815
0.00000000 0.05026042 0.48935185 0.01302083 0.05092593
0.00000000 0.80468750 0.47175926 0.01458333 0.05092593
0.00000000 0.67708333 0.47500000 0.01562500 0.04814815
0.00000000 0.79375000 0.47962963 0.02291667 0.07407407
0.00000000 0.67187500 0.47824074 0.01875000 0.05277778
0.00000000 0.67500000 0.47407407 0.00833333 0.05370370
0.00000000 0.75885417 0.47361111 0.00937500 0.06018519
0.00000000 0.02552083 0.50000000 0.02083333 0.03148148
0.00000000 0.14635417 0.49953704 0.02083333 0.11018519
0.00000000 0.42890625 0.56157407 0.05677083 0.24351852
0.00000000 0.02656250 0.48518519 0.01770833 0.07592593
0.00000000 0.17968750 0.50324074 0.01875000 0.10092593
0.00000000 0.16093750 0.51203704 0.03125000 0.14074074
0.00000000 0.08854167 0.49120370 0.02500000 0.09351852
0.00000000 0.44218750 0.60509259 0.07812500 0.32500000
0.00000000 0.72916667 0.46944444 0.01145833 0.05000000
0.00000000 0.77656250 0.47638889 0.01145833 0.04722222
0.00000000 0.77421875 0.47500000 0.01197917 0.05000000
0.00000000 0.76901042 0.46990741 0.00885417 0.05092593
0.00000000 0.75104167 0.46990741 0.01041667 0.05092593
0.00000000 0.74921875 0.54675926 0.06197917 0.20833333
