0.00000000 0.07005208 0.49166667 0.01197917 0.04259259
0.00000000 0.03854167 0.49212963 0.01041667 0.04722222
0.00000000 0.10755208 0.51759259 0.04635417 0.18518519
0.00000000 0.04557292 0.49953704 0.00885417 0.03055556
0.00000000 0.06041667 0.49768519 0.02708333 0.10462963
0.00000000 0.11875000 0.50555556 0.03333333 0.11851852
0.00000000 0.04947917 0.48981481 0.01250000 0.05000000
0.00000000 0.78489583 0.47407407 0.01145833 0.05740741
0.00000000 0.79843750 0.47222222 0.00833333 0.05185185
0.00000000 0.68437500 0.47361111 0.00729167 0.04907407
0.00000000 0.83125000 0.48009259 0.01666667 0.07129630
0.00000000 0.78203125 0.47870370 0.01614583 0.07592593
0.00000000 0.67630208 0.47824074 0.01197917 0.05462963
0.00000000 0.67916667 0.47500000 0.01250000 0.05185185
0.00000000 0.80130208 0.47129630 0.00781250 0.05555556
0.00000000 0.02552083 0.49861111 0.02083333 0.03425926
0.00000000 0.13932292 0.50000000 0.01927083 0.10740741
0.00000000 0.40651042 0.56388889 0.05364583 0.25370370
0.00000000 0.08463542 0.48333333 0.02343750 0.08333333
0.00000000 0.02552083 0.48518519 0.01875000 0.07592593
0.00000000 0.18411458 0.50231481 0.02239583 0.10462963
0.00000000 0.16197917 0.50972222 0.02916667 0.14537037
0.00000000 0.09531250 0.49027778 0.01666667 0.09537037
0.00000000 0.47968750 0.60601852 0.07604167 0.33796296
0.00000000 0.00911458 0.49305556 0.01718750 0.09907407
0.00000000 0.75312500 0.47037037 0.00833333 0.04629630
0.00000000 0.73046875 0.47037037 0.01093750 0.05000000
0.00000000 0.74505208 0.46898148 0.00781250 0.04722222
0.00000000 0.75234375 0.46990741 0.01197917 0.05092593
0.00000000 0.76171875 0.54861111 0.05156250 0.20462963
