0.00000000 0.07005208 0.49166667 0.01093750 0.04444444
0.00000000 0.03802083 0.49305556 0.01145833 0.04537037
0.00000000 0.10390625 0.51527778 0.04739583 0.18240741
0.00000000 0.04557292 0.49907407 0.00885417 0.03148148
0.00000000 0.05755208 0.49305556 0.02760417 0.10648148
0.00000000 0.11614583 0.50694444 0.03333333 0.11574074
0.00000000 0.05026042 0.49074074 0.01197917 0.04814815
0.00000000 0.83177083 0.47453704 0.00625000 0.06018519
0.00000000 0.68932292 0.47546296 0.01406250 0.04907407
0.00000000 0.77239583 0.48055556 0.02083333 0.07407407
0.00000000 0.68619792 0.47870370 0.01718750 0.05370370
0.00000000 0.68307292 0.47500000 0.01093750 0.05370370
0.00000000 0.76953125 0.47314815 0.01302083 0.06111111
0.00000000 0.13281250 0.49907407 0.01979167 0.10925926
0.00000000 0.39713542 0.56527778 0.05572917 0.24166667
0.00000000 0.08255208 0.48518519 0.02239583 0.07962963
0.00000000 0.02447917 0.48518519 0.01666667 0.07592593
0.00000000 0.18203125 0.50462963 0.02239583 0.10555556
0.00000000 0.16328125 0.51342593 0.02760417 0.14722222
0.00000000 0.50286458 0.62407407 0.09010417 0.35555556
0.00000000 0.02343750 0.49444444 0.04270833 0.09444444
0.00000000 0.75729167 0.47129630 0.01354167 0.04629630
0.00000000 0.73177083 0.46990741 0.01250000 0.05092593
0.00000000 0.74375000 0.46898148 0.00937500 0.04722222
0.00000000 0.76406250 0.47175926 0.01666667 0.04722222
0.00000000 0.75260417 0.46990741 0.01041667 0.05092593
0.00000000 0.79088542 0.54537037 0.04843750 0.21111111
