0.00000000 0.07031250 0.49166667 0.01145833 0.04444444
0.00000000 0.10000000 0.51296296 0.05000000 0.18148148
0.00000000 0.04505208 0.49861111 0.00989583 0.03240741
0.00000000 0.05572917 0.49490741 0.03020833 0.10092593
0.00000000 0.11484375 0.50324074 0.03281250 0.11574074
0.00000000 0.05156250 0.49120370 0.01250000 0.04722222
0.00000000 0.79713542 0.47407407 0.01302083 0.05740741
0.00000000 0.78802083 0.47314815 0.01145833 0.05000000
0.00000000 0.69843750 0.47546296 0.00729167 0.05277778
0.00000000 0.76145833 0.47916667 0.01354167 0.07870370
0.00000000 0.69166667 0.47824074 0.01250000 0.05462963
0.00000000 0.68723958 0.47500000 0.00989583 0.05370370
0.00000000 0.77968750 0.47268519 0.01354167 0.06203704
0.00000000 0.79322917 0.47175926 0.01041667 0.05462963
0.00000000 0.02395833 0.50000000 0.01770833 0.03148148
0.00000000 0.12838542 0.50138889 0.02760417 0.10462963
0.00000000 0.37005208 0.55509259 0.05260417 0.23981481
0.00000000 0.07864583 0.48287037 0.02187500 0.08055556
0.00000000 0.02473958 0.48472222 0.01406250 0.07500000
0.00000000 0.18125000 0.50555556 0.02395833 0.10740741
0.00000000 0.16614583 0.51296296 0.03125000 0.15185185
0.00000000 0.54479167 0.62731481 0.07604167 0.39166667
0.00000000 0.29010417 0.48842593 0.02395833 0.07314815
0.00000000 0.03619792 0.49212963 0.02031250 0.09537037
0.00000000 0.73151042 0.47083333 0.01197917 0.04907407
0.00000000 0.83802083 0.47037037 0.01354167 0.05185185
0.00000000 0.74401042 0.46898148 0.00885417 0.04722222
0.00000000 0.76250000 0.47083333 0.01354167 0.04722222
0.00000000 0.75338542 0.46990741 0.00885417 0.05092593
0.00000000 0.81223958 0.54907407 0.06614583 0.20555556
