0.00000000 0.07161458 0.49166667 0.01093750 0.04444444
0.00000000 0.03723958 0.49259259 0.01302083 0.04629630
0.00000000 0.09843750 0.51481481 0.05104167 0.17407407
0.00000000 0.04557292 0.49953704 0.00989583 0.03055556
0.00000000 0.05651042 0.49166667 0.02656250 0.10185185
0.00000000 0.11458333 0.50648148 0.03437500 0.11111111
0.00000000 0.80260417 0.47314815 0.00729167 0.05925926
0.00000000 0.81432292 0.47361111 0.00677083 0.06018519
0.00000000 0.70416667 0.47592593 0.01458333 0.05000000
0.00000000 0.75286458 0.48148148 0.02864583 0.07407407
0.00000000 0.70052083 0.47824074 0.01562500 0.05462963
0.00000000 0.69166667 0.47685185 0.01666667 0.05370370
0.00000000 0.78489583 0.47361111 0.01562500 0.06018519
0.00000000 0.02552083 0.49861111 0.02083333 0.03425926
0.00000000 0.12369792 0.50000000 0.02135417 0.10555556
0.00000000 0.35651042 0.55694444 0.06093750 0.22870370
0.00000000 0.07682292 0.48379630 0.02343750 0.07870370
0.00000000 0.02552083 0.48611111 0.01250000 0.07407407
0.00000000 0.18463542 0.50416667 0.02447917 0.11018519
0.00000000 0.17005208 0.51435185 0.03489583 0.15462963
0.00000000 0.58151042 0.64814815 0.10572917 0.40925926
0.00000000 0.05338542 0.49259259 0.03697917 0.09259259
0.00000000 0.76588542 0.47129630 0.00989583 0.04629630
0.00000000 0.73046875 0.47037037 0.01197917 0.05000000
0.00000000 0.77604167 0.47731481 0.00937500 0.04722222
0.00000000 0.79453125 0.47407407 0.01302083 0.04629630
0.00000000 0.74505208 0.46898148 0.00572917 0.04722222
0.00000000 0.75078125 0.47037037 0.01093750 0.04629630
0.00000000 0.75130208 0.47175926 0.00885417 0.04722222
0.00000000 0.84244792 0.54444444 0.03802083 0.21481481
