0.00000000 0.03723958 0.49212963 0.01197917 0.04722222
0.00000000 0.10026042 0.51342593 0.04843750 0.17314815
0.00000000 0.04583333 0.49861111 0.00937500 0.03240741
0.00000000 0.05781250 0.49212963 0.02708333 0.09907407
0.00000000 0.11510417 0.50509259 0.03333333 0.11203704
0.00000000 0.05052083 0.49212963 0.01145833 0.04537037
0.00000000 0.71041667 0.47685185 0.00729167 0.05000000
0.00000000 0.79765625 0.47870370 0.00989583 0.07222222
0.00000000 0.74114583 0.48009259 0.01145833 0.07870370
0.00000000 0.70546875 0.47777778 0.01614583 0.05370370
0.00000000 0.69661458 0.47777778 0.00989583 0.05555556
0.00000000 0.79270833 0.47222222 0.00729167 0.05925926
0.00000000 0.78463542 0.47268519 0.00885417 0.05277778
0.00000000 0.02395833 0.49861111 0.01770833 0.03425926
0.00000000 0.11770833 0.50277778 0.01666667 0.09814815
0.00000000 0.33984375 0.54398148 0.04114583 0.22129630
0.00000000 0.07578125 0.48333333 0.02239583 0.07777778
0.00000000 0.03046875 0.48472222 0.01718750 0.07500000
0.00000000 0.18645833 0.50601852 0.02604167 0.11018519
0.00000000 0.17317708 0.51481481 0.03385417 0.15740741
0.00000000 0.12968750 0.49675926 0.02291667 0.09537037
0.00000000 0.62942708 0.64074074 0.07031250 0.42592593
0.00000000 0.26979167 0.48842593 0.02604167 0.08055556
0.00000000 0.06276042 0.49259259 0.02968750 0.09074074
0.00000000 0.76458333 0.47175926 0.01562500 0.04537037
0.00000000 0.72942708 0.47037037 0.01406250 0.05185185
0.00000000 0.77526042 0.47731481 0.01197917 0.04907407
0.00000000 0.74583333 0.46898148 0.00416667 0.04722222
0.00000000 0.75182292 0.47083333 0.00989583 0.04722222
0.00000000 0.74869792 0.47083333 0.01093750 0.04907407
