0.00000000 0.03776042 0.49259259 0.01093750 0.04629630
0.00000000 0.10026042 0.51111111 0.04322917 0.17037037
0.00000000 0.04583333 0.49907407 0.00937500 0.03148148
0.00000000 0.05729167 0.49166667 0.02604167 0.09814815
0.00000000 0.11432292 0.50416667 0.03385417 0.11018519
0.00000000 0.05130208 0.49166667 0.01093750 0.04629630
0.00000000 0.81171875 0.47407407 0.01406250 0.05925926
0.00000000 0.78463542 0.47453704 0.01093750 0.04722222
0.00000000 0.80026042 0.47361111 0.01406250 0.06203704
0.00000000 0.78880208 0.48055556 0.01927083 0.07222222
0.00000000 0.73151042 0.48148148 0.02552083 0.07407407
0.00000000 0.71588542 0.47638889 0.01197917 0.05648148
0.00000000 0.70364583 0.47777778 0.01145833 0.05370370
0.00000000 0.79973958 0.47268519 0.01822917 0.05833333
0.00000000 0.77786458 0.47453704 0.01406250 0.05092593
0.00000000 0.02395833 0.49861111 0.01770833 0.03425926
0.00000000 0.11484375 0.50000000 0.02239583 0.10370370
0.00000000 0.32838542 0.54583333 0.04739583 0.20833333
0.00000000 0.07395833 0.48240741 0.01979167 0.07777778
0.00000000 0.03125000 0.48564815 0.02083333 0.07500000
0.00000000 0.18619792 0.50277778 0.02552083 0.11666667
0.00000000 0.17369792 0.51435185 0.02968750 0.16203704
0.00000000 0.13411458 0.50092593 0.02135417 0.09629630
0.00000000 0.67786458 0.67638889 0.16093750 0.45833333
0.00000000 0.26276042 0.48935185 0.02135417 0.08240741
0.00000000 0.07864583 0.49027778 0.02083333 0.09166667
0.00000000 0.76067708 0.47083333 0.00885417 0.04537037
0.00000000 0.72786458 0.47083333 0.01302083 0.04907407
0.00000000 0.77604167 0.47777778 0.01458333 0.04629630
0.00000000 0.81640625 0.47175926 0.00989583 0.05092593
0.00000000 0.75156250 0.46898148 0.00729167 0.04907407
0.00000000 0.74609375 0.47037037 0.01093750 0.04814815
