0.00000000 0.07265625 0.49027778 0.01093750 0.04722222
0.00000000 0.03541667 0.49259259 0.01145833 0.04629630
0.00000000 0.09817708 0.51250000 0.04218750 0.16574074
0.00000000 0.04609375 0.49814815 0.00885417 0.03333333
0.00000000 0.05833333 0.48888889 0.02500000 0.09814815
0.00000000 0.11223958 0.50648148 0.03281250 0.10555556
0.00000000 0.05260417 0.49212963 0.01250000 0.04537037
0.00000000 0.82083333 0.47361111 0.00937500 0.06018519
0.00000000 0.79062500 0.47314815 0.00833333 0.06111111
0.00000000 0.78125000 0.47916667 0.01041667 0.07500000
0.00000000 0.72213542 0.47870370 0.00989583 0.07592593
0.00000000 0.70625000 0.47777778 0.01458333 0.05370370
0.00000000 0.81041667 0.47175926 0.00729167 0.06018519
0.00000000 0.77213542 0.47453704 0.00885417 0.05277778
0.00000000 0.02552083 0.49861111 0.02083333 0.03425926
0.00000000 0.11197917 0.49907407 0.02083333 0.10000000
0.00000000 0.30937500 0.53564815 0.04062500 0.20833333
0.00000000 0.07135417 0.48425926 0.01875000 0.07222222
0.00000000 0.03151042 0.48379630 0.01927083 0.07870370
0.00000000 0.18489583 0.50509259 0.02708333 0.11759259
0.00000000 0.17812500 0.51898148 0.03125000 0.16388889
0.00000000 0.13828125 0.49953704 0.02135417 0.09907407
0.00000000 0.72578125 0.66759259 0.07656250 0.48518519
0.00000000 0.24791667 0.49027778 0.02083333 0.08240741
