0.00000000 0.09479167 0.50925926 0.04479167 0.16666667
0.00000000 0.04557292 0.49722222 0.00989583 0.03518519
0.00000000 0.06015625 0.48981481 0.02552083 0.09444444
0.00000000 0.11093750 0.50370370 0.03020833 0.10740741
0.00000000 0.05182292 0.49212963 0.01093750 0.04537037
0.00000000 0.78307292 0.47314815 0.01822917 0.06296296
0.00000000 0.72708333 0.47824074 0.01562500 0.05092593
0.00000000 0.76979167 0.48055556 0.02500000 0.07222222
0.00000000 0.71380208 0.48101852 0.02135417 0.07500000
0.00000000 0.73020833 0.47546296 0.01041667 0.05648148
0.00000000 0.76614583 0.47592593 0.01458333 0.05185185
0.00000000 0.02552083 0.49861111 0.02083333 0.03425926
0.00000000 0.29895833 0.53657407 0.05208333 0.19907407
0.00000000 0.06822917 0.48055556 0.02083333 0.07407407
0.00000000 0.03255208 0.48379630 0.02239583 0.07685185
0.00000000 0.18750000 0.50370370 0.02500000 0.12222222
0.00000000 0.18255208 0.51944444 0.03697917 0.16851852
0.00000000 0.14114583 0.50000000 0.02500000 0.09814815
0.00000000 0.81067708 0.70833333 0.19010417 0.54074074
0.00000000 0.23776042 0.49259259 0.02968750 0.08333333
0.00000000 0.75703125 0.46990741 0.00781250 0.04722222
0.00000000 0.73203125 0.47083333 0.01093750 0.05092593
0.00000000 0.74583333 0.46990741 0.01145833 0.04722222
0.00000000 0.75442708 0.47037037 0.01614583 0.04814815
0.00000000 0.74114583 0.47129630 0.01145833 0.04629630
