0.00000000 0.09322917 0.50972222 0.04687500 0.16574074
0.00000000 0.04609375 0.49907407 0.00989583 0.03148148
0.00000000 0.06171875 0.48703704 0.02343750 0.09444444
0.00000000 0.11067708 0.50509259 0.03177083 0.10462963
0.00000000 0.05000000 0.49166667 0.01041667 0.04629630
0.00000000 0.83359375 0.47407407 0.00781250 0.06111111
0.00000000 0.77760417 0.47314815 0.00729167 0.06481481
0.00000000 0.73177083 0.47731481 0.01145833 0.05277778
0.00000000 0.76432292 0.48009259 0.01718750 0.07500000
0.00000000 0.70755208 0.47962963 0.01822917 0.07592593
0.00000000 0.73697917 0.47638889 0.02187500 0.05462963
0.00000000 0.71744792 0.47731481 0.01614583 0.05462963
0.00000000 0.82552083 0.47268519 0.01145833 0.06018519
0.00000000 0.75885417 0.47175926 0.00729167 0.04907407
0.00000000 0.02395833 0.49861111 0.01770833 0.03425926
0.00000000 0.10546875 0.49120370 0.01718750 0.09722222
0.00000000 0.29010417 0.52824074 0.04375000 0.19351852
0.00000000 0.03307292 0.48287037 0.02135417 0.08055556
0.00000000 0.19010417 0.50509259 0.02604167 0.12129630
0.00000000 0.18645833 0.52361111 0.04166667 0.17129630
0.00000000 0.14192708 0.49953704 0.02864583 0.10092593
0.00000000 0.85494792 0.71342593 0.13593750 0.57314815
0.00000000 0.22760417 0.49212963 0.01354167 0.08611111
0.00000000 0.12109375 0.49166667 0.03072917 0.08518519
0.00000000 0.75572917 0.47037037 0.00729167 0.04629630
0.00000000 0.73385417 0.47314815 0.01354167 0.05185185
0.00000000 0.79531250 0.47361111 0.01250000 0.04907407
0.00000000 0.74739583 0.46944444 0.01041667 0.04814815
0.00000000 0.75625000 0.47129630 0.01145833 0.04629630
0.00000000 0.73854167 0.46898148 0.01041667 0.04907407
