0.00000000 0.02786458 0.49120370 0.00572917 0.04722222
0.00000000 0.09401042 0.51111111 0.04739583 0.15925926
0.00000000 0.04635417 0.49814815 0.00937500 0.03333333
0.00000000 0.06354167 0.48842593 0.02604167 0.08981481
0.00000000 0.11223958 0.50555556 0.02968750 0.10185185
0.00000000 0.04661458 0.49120370 0.01197917 0.04722222
0.00000000 0.84192708 0.47453704 0.01406250 0.06018519
0.00000000 0.77604167 0.46898148 0.00937500 0.04722222
0.00000000 0.76953125 0.47407407 0.01510417 0.06296296
0.00000000 0.73880208 0.47731481 0.01406250 0.05277778
0.00000000 0.75520833 0.48055556 0.01979167 0.07407407
0.00000000 0.69296875 0.47916667 0.02031250 0.07314815
0.00000000 0.74687500 0.47453704 0.00833333 0.05833333
0.00000000 0.72005208 0.47685185 0.01406250 0.05555556
0.00000000 0.83437500 0.47314815 0.01666667 0.05925926
0.00000000 0.75156250 0.47129630 0.01250000 0.05000000
0.00000000 0.89557292 0.46712963 0.01302083 0.03981481
0.00000000 0.08098958 0.48194444 0.01614583 0.07500000
0.00000000 0.02552083 0.49861111 0.02083333 0.03425926
0.00000000 0.28151042 0.52638889 0.03697917 0.18611111
0.00000000 0.03437500 0.48333333 0.02083333 0.07962963
0.00000000 0.19192708 0.50601852 0.02760417 0.12314815
0.00000000 0.18411458 0.52546296 0.03593750 0.17685185
0.00000000 0.14088542 0.50092593 0.02552083 0.10185185
0.00000000 0.92604167 0.71898148 0.14791667 0.56203704
0.00000000 0.21666667 0.49444444 0.03020833 0.08518519
0.00000000 0.13515625 0.49027778 0.01197917 0.08796296
0.00000000 0.74114583 0.47222222 0.00625000 0.05370370
0.00000000 0.78723958 0.47314815 0.00885417 0.05000000
0.00000000 0.80911458 0.47314815 0.00677083 0.04444444
0.00000000 0.75989583 0.46944444 0.00833333 0.04814815
0.00000000 0.73776042 0.46805556 0.01197917 0.04722222
