0.00000000 0.09661458 0.50787037 0.04322917 0.15833333
0.00000000 0.04635417 0.49861111 0.00937500 0.03240741
0.00000000 0.06380208 0.48657407 0.02343750 0.09166667
0.00000000 0.11145833 0.50324074 0.02812500 0.10277778
0.00000000 0.04557292 0.49259259 0.01302083 0.04444444
0.00000000 0.84505208 0.47500000 0.01406250 0.06111111
0.00000000 0.77031250 0.46944444 0.01041667 0.04814815
0.00000000 0.76380208 0.47268519 0.01093750 0.06203704
0.00000000 0.74817708 0.48148148 0.01093750 0.07592593
0.00000000 0.68411458 0.48101852 0.02135417 0.07685185
0.00000000 0.85729167 0.47685185 0.01041667 0.06666667
0.00000000 0.75572917 0.47592593 0.01875000 0.05740741
0.00000000 0.72890625 0.47592593 0.01197917 0.05740741
0.00000000 0.74531250 0.46851852 0.00625000 0.05000000
0.00000000 0.88828125 0.46851852 0.00989583 0.04074074
0.00000000 0.07864583 0.48379630 0.01354167 0.07129630
0.00000000 0.02395833 0.49861111 0.01770833 0.03425926
0.00000000 0.27005208 0.51944444 0.03593750 0.17962963
0.00000000 0.03802083 0.48240741 0.01979167 0.08333333
0.00000000 0.92369792 0.65509259 0.09010417 0.47500000
0.00000000 0.18776042 0.50509259 0.02656250 0.13055556
0.00000000 0.17968750 0.52870370 0.03437500 0.18148148
0.00000000 0.13932292 0.50138889 0.02656250 0.10277778
0.00000000 0.20156250 0.49398148 0.01041667 0.08796296
0.00000000 0.14817708 0.49444444 0.03281250 0.08518519
0.00000000 0.74635417 0.47453704 0.01770833 0.05092593
0.00000000 0.78541667 0.47546296 0.01041667 0.04722222
0.00000000 0.77994792 0.47546296 0.01614583 0.04907407
0.00000000 0.75104167 0.46990741 0.00937500 0.04537037
0.00000000 0.73828125 0.46898148 0.00989583 0.04907407
