0.00000000 0.09635417 0.50925926 0.03958333 0.15555556
0.00000000 0.04635417 0.49814815 0.00937500 0.03333333
0.00000000 0.06484375 0.48657407 0.02343750 0.08796296
0.00000000 0.10989583 0.50555556 0.02812500 0.09814815
0.00000000 0.04322917 0.49305556 0.01041667 0.04351852
0.00000000 0.75364583 0.47361111 0.01666667 0.06018519
0.00000000 0.75338542 0.47638889 0.01718750 0.05462963
0.00000000 0.73750000 0.48194444 0.02500000 0.07500000
0.00000000 0.67031250 0.47962963 0.01875000 0.07592593
0.00000000 0.76406250 0.47361111 0.00937500 0.06018519
0.00000000 0.73281250 0.47638889 0.01666667 0.05462963
0.00000000 0.73932292 0.46990741 0.01302083 0.04907407
0.00000000 0.87916667 0.46851852 0.01145833 0.04074074
0.00000000 0.07265625 0.48194444 0.01406250 0.06944444
0.00000000 0.02552083 0.49861111 0.02083333 0.03425926
0.00000000 0.26302083 0.51805556 0.04479167 0.17685185
0.00000000 0.05859375 0.48472222 0.02031250 0.07129630
0.00000000 0.03958333 0.48379630 0.02291667 0.08240741
0.00000000 0.86432292 0.65648148 0.16614583 0.43148148
0.00000000 0.18463542 0.50879630 0.03177083 0.13055556
0.00000000 0.17916667 0.53240741 0.03750000 0.18703704
0.00000000 0.13802083 0.49953704 0.03125000 0.10648148
0.00000000 0.16302083 0.49629630 0.01145833 0.08518519
0.00000000 0.74947917 0.47592593 0.01145833 0.05370370
0.00000000 0.77317708 0.47500000 0.00781250 0.05185185
0.00000000 0.80572917 0.47268519 0.01145833 0.04722222
0.00000000 0.75286458 0.46944444 0.00989583 0.04629630
