0.00000000 0.09375000 0.50833333 0.04062500 0.15370370
0.00000000 0.04583333 0.49768519 0.01041667 0.03425926
0.00000000 0.06796875 0.48564815 0.02135417 0.08796296
0.00000000 0.10807292 0.49953704 0.02760417 0.09907407
0.00000000 0.75130208 0.47407407 0.01302083 0.05925926
0.00000000 0.76093750 0.47500000 0.00937500 0.05740741
0.00000000 0.73020833 0.48101852 0.01770833 0.07500000
0.00000000 0.83984375 0.47638889 0.01406250 0.06388889
0.00000000 0.88932292 0.47870370 0.01822917 0.07222222
0.00000000 0.76979167 0.47361111 0.01979167 0.05833333
0.00000000 0.73932292 0.47500000 0.00781250 0.05740741
0.00000000 0.85755208 0.47546296 0.01510417 0.06388889
0.00000000 0.87369792 0.47037037 0.01093750 0.03888889
0.00000000 0.02552083 0.49861111 0.02083333 0.03425926
0.00000000 0.25703125 0.51342593 0.04114583 0.16944444
0.00000000 0.05833333 0.48472222 0.01770833 0.07129630
0.00000000 0.04088542 0.48379630 0.02135417 0.08611111
0.00000000 0.79453125 0.62546296 0.06614583 0.40462963
0.00000000 0.19010417 0.50555556 0.03020833 0.13518519
0.00000000 0.18151042 0.53287037 0.04322917 0.19166667
0.00000000 0.13645833 0.50185185 0.02916667 0.10555556
0.00000000 0.75546875 0.47638889 0.00989583 0.05462963
0.00000000 0.76718750 0.47685185 0.01562500 0.05000000
0.00000000 0.73906250 0.47037037 0.00937500 0.04629630
