0.00000000 0.09036458 0.50740741 0.04218750 0.15370370
0.00000000 0.04661458 0.49814815 0.00989583 0.03333333
0.00000000 0.06953125 0.48425926 0.02239583 0.08518519
0.00000000 0.10781250 0.49537037 0.02916667 0.09444444
0.00000000 0.76770833 0.47546296 0.01562500 0.05648148
0.00000000 0.72187500 0.48055556 0.01875000 0.07407407
0.00000000 0.88619792 0.47777778 0.01093750 0.06666667
0.00000000 0.83385417 0.47546296 0.01145833 0.06388889
0.00000000 0.87786458 0.47916667 0.01614583 0.07129630
0.00000000 0.77890625 0.47268519 0.01093750 0.06203704
0.00000000 0.86744792 0.47407407 0.00989583 0.06481481
0.00000000 0.72682292 0.46944444 0.01302083 0.04814815
0.00000000 0.07343750 0.48425926 0.03541667 0.07037037
0.00000000 0.02552083 0.49814815 0.02083333 0.03518519
0.00000000 0.25026042 0.51064815 0.03385417 0.16574074
0.00000000 0.05911458 0.48564815 0.01822917 0.06944444
0.00000000 0.04192708 0.48472222 0.02031250 0.08425926
0.00000000 0.75390625 0.62916667 0.12552083 0.37870370
0.00000000 0.19192708 0.50972222 0.03281250 0.13796296
0.00000000 0.18125000 0.53981481 0.04375000 0.19814815
0.00000000 0.13697917 0.50138889 0.02916667 0.10833333
0.00000000 0.16171875 0.49953704 0.03385417 0.08981481
0.00000000 0.76328125 0.47129630 0.01406250 0.04629630
0.00000000 0.76041667 0.47638889 0.01458333 0.05277778
0.00000000 0.79192708 0.47453704 0.00885417 0.04907407
0.00000000 0.80182292 0.47314815 0.01093750 0.04814815
