0.00000000 0.08932292 0.50925926 0.04322917 0.14814815
0.00000000 0.04687500 0.49722222 0.00937500 0.03518519
0.00000000 0.07213542 0.48518519 0.02135417 0.08333333
0.00000000 0.10885417 0.49398148 0.02708333 0.09537037
0.00000000 0.03880208 0.49444444 0.01197917 0.04259259
0.00000000 0.74479167 0.46759259 0.00520833 0.04814815
0.00000000 0.73776042 0.47500000 0.01510417 0.05740741
0.00000000 0.77682292 0.47361111 0.00989583 0.06018519
0.00000000 0.71588542 0.48009259 0.01197917 0.07314815
0.00000000 0.87760417 0.47638889 0.01979167 0.06574074
0.00000000 0.86640625 0.47777778 0.01822917 0.06851852
0.00000000 0.78932292 0.47222222 0.01718750 0.05740741
0.00000000 0.74817708 0.47500000 0.01614583 0.05740741
0.00000000 0.71979167 0.46759259 0.00625000 0.04814815
0.00000000 0.85026042 0.46805556 0.03802083 0.04537037
0.00000000 0.02552083 0.49861111 0.02083333 0.03425926
0.00000000 0.24114583 0.50787037 0.03333333 0.15833333
0.00000000 0.05546875 0.48379630 0.01822917 0.07129630
0.00000000 0.04687500 0.48472222 0.02083333 0.08796296
0.00000000 0.69687500 0.60231481 0.05833333 0.35092593
0.00000000 0.18984375 0.50648148 0.03072917 0.14444444
0.00000000 0.17682292 0.53842593 0.03906250 0.20277778
0.00000000 0.13619792 0.50185185 0.02864583 0.11111111
0.00000000 0.15026042 0.49907407 0.01406250 0.09259259
0.00000000 0.20442708 0.49490741 0.02968750 0.07870370
0.00000000 0.76953125 0.47083333 0.00677083 0.04722222
0.00000000 0.76406250 0.47546296 0.00833333 0.05462963
0.00000000 0.79427083 0.47453704 0.00937500 0.04722222
0.00000000 0.75182292 0.47222222 0.01510417 0.04814815
0.00000000 0.79947917 0.47268519 0.00937500 0.04722222
0.00000000 0.74947917 0.46898148 0.01354167 0.04722222
0.00000000 0.75807292 0.47037037 0.01302083 0.04444444
