0.00000000 0.09062500 0.50787037 0.04166667 0.14722222
0.00000000 0.04661458 0.49814815 0.00989583 0.03333333
0.00000000 0.07291667 0.48287037 0.02083333 0.08425926
0.00000000 0.10859375 0.49027778 0.02864583 0.09537037
0.00000000 0.03723958 0.49305556 0.00989583 0.04537037
0.00000000 0.87682292 0.47638889 0.01510417 0.06388889
0.00000000 0.73776042 0.46851852 0.01510417 0.04629630
0.00000000 0.73046875 0.47500000 0.00885417 0.05740741
0.00000000 0.78385417 0.47546296 0.01875000 0.05648148
0.00000000 0.86770833 0.47685185 0.01458333 0.06666667
0.00000000 0.81484375 0.47407407 0.01093750 0.06111111
0.00000000 0.79869792 0.47222222 0.00885417 0.05925926
0.00000000 0.75703125 0.47407407 0.01093750 0.05925926
0.00000000 0.88828125 0.47500000 0.00885417 0.06851852
0.00000000 0.84739583 0.46388889 0.00625000 0.03148148
0.00000000 0.08619792 0.48472222 0.01718750 0.08611111
0.00000000 0.23359375 0.50462963 0.03802083 0.15740741
0.00000000 0.05286458 0.48472222 0.02031250 0.07129630
0.00000000 0.05000000 0.48564815 0.02500000 0.08611111
0.00000000 0.66354167 0.60740741 0.11250000 0.32962963
0.00000000 0.18697917 0.51157407 0.03229167 0.14722222
0.00000000 0.17526042 0.55046296 0.04010417 0.21203704
0.00000000 0.13567708 0.50324074 0.02968750 0.11203704
0.00000000 0.13255208 0.50185185 0.03593750 0.08703704
0.00000000 0.21588542 0.49305556 0.01197917 0.08240741
0.00000000 0.77473958 0.47129630 0.01093750 0.04629630
0.00000000 0.77005208 0.47546296 0.01302083 0.05462963
0.00000000 0.74531250 0.47037037 0.00729167 0.05000000
0.00000000 0.75208333 0.46990741 0.01250000 0.04722222
0.00000000 0.75651042 0.47129630 0.01406250 0.04444444
0.00000000 0.03541667 0.60092593 0.06979167 0.30185185
