0.00000000 0.02161458 0.49768519 0.01197917 0.03611111
0.00000000 0.09140625 0.50694444 0.03489583 0.14537037
0.00000000 0.04661458 0.49722222 0.00989583 0.03518519
0.00000000 0.10703125 0.49259259 0.02760417 0.09074074
0.00000000 0.03567708 0.49398148 0.00989583 0.04351852
0.00000000 0.88776042 0.47731481 0.00989583 0.06388889
0.00000000 0.73125000 0.46759259 0.00729167 0.04814815
0.00000000 0.79375000 0.47222222 0.00625000 0.05925926
0.00000000 0.85703125 0.47638889 0.01718750 0.06574074
0.00000000 0.76276042 0.47407407 0.01927083 0.05925926
0.00000000 0.85182292 0.47222222 0.01093750 0.03888889
0.00000000 0.22786458 0.50509259 0.03802083 0.15092593
0.00000000 0.05364583 0.48379630 0.02291667 0.08611111
0.00000000 0.61796875 0.58750000 0.05364583 0.31574074
0.00000000 0.18854167 0.50879630 0.03333333 0.15648148
0.00000000 0.17890625 0.55138889 0.04635417 0.21944444
0.00000000 0.13463542 0.50185185 0.03072917 0.11481481
0.00000000 0.11901042 0.49814815 0.02031250 0.09444444
0.00000000 0.77239583 0.47453704 0.01250000 0.05462963
0.00000000 0.79739583 0.47407407 0.01354167 0.04814815
0.00000000 0.74036458 0.47175926 0.01093750 0.04722222
0.00000000 0.75338542 0.47083333 0.01093750 0.04907407
0.00000000 0.75286458 0.46990741 0.01406250 0.04537037
0.00000000 0.07708333 0.59583333 0.08750000 0.30833333
