0.00000000 0.02187500 0.49722222 0.01354167 0.03703704
0.00000000 0.08828125 0.50787037 0.03593750 0.14166667
0.00000000 0.04661458 0.49768519 0.01093750 0.03425926
0.00000000 0.06979167 0.48148148 0.01770833 0.08148148
0.00000000 0.03411458 0.49351852 0.01093750 0.04444444
0.00000000 0.89296875 0.47870370 0.01614583 0.06481481
0.00000000 0.89192708 0.46944444 0.01093750 0.05740741
0.00000000 0.85026042 0.47731481 0.01614583 0.06574074
0.00000000 0.80182292 0.47361111 0.00989583 0.06203704
0.00000000 0.83125000 0.47638889 0.01041667 0.06944444
0.00000000 0.81614583 0.47222222 0.01041667 0.05925926
0.00000000 0.76848958 0.47314815 0.01093750 0.06111111
0.00000000 0.07500000 0.48055556 0.01666667 0.07222222
0.00000000 0.22135417 0.50324074 0.03020833 0.14907407
0.00000000 0.05338542 0.48472222 0.01718750 0.07129630
0.00000000 0.05781250 0.48796296 0.02291667 0.08888889
0.00000000 0.58802083 0.59074074 0.08229167 0.29814815
0.00000000 0.19270833 0.51388889 0.02604167 0.15370370
0.00000000 0.18541667 0.56064815 0.04791667 0.22500000
0.00000000 0.13515625 0.50416667 0.02760417 0.11388889
0.00000000 0.31458333 0.48981481 0.01875000 0.08148148
0.00000000 0.10338542 0.49490741 0.03072917 0.09351852
0.00000000 0.24114583 0.48981481 0.01250000 0.07962963
0.00000000 0.77890625 0.47314815 0.00885417 0.05370370
0.00000000 0.79635417 0.47500000 0.01250000 0.04814815
0.00000000 0.79114583 0.47361111 0.01145833 0.04907407
0.00000000 0.75625000 0.47037037 0.00937500 0.05000000
0.00000000 0.75182292 0.46898148 0.01093750 0.04722222
0.00000000 0.76796875 0.47037037 0.01406250 0.04629630
0.00000000 0.11093750 0.59861111 0.11145833 0.29722222
