0.00000000 0.02187500 0.49722222 0.01354167 0.03703704
0.00000000 0.08593750 0.50555556 0.03958333 0.14259259
0.00000000 0.04713542 0.49722222 0.01093750 0.03518519
0.00000000 0.10598958 0.48981481 0.02760417 0.09074074
0.00000000 0.03359375 0.49351852 0.01197917 0.04074074
0.00000000 0.88203125 0.47037037 0.01093750 0.05370370
0.00000000 0.81171875 0.47361111 0.00781250 0.05833333
0.00000000 0.83906250 0.47592593 0.01562500 0.06666667
0.00000000 0.79218750 0.47361111 0.01250000 0.06203704
0.00000000 0.82161458 0.47685185 0.01927083 0.06666667
0.00000000 0.21484375 0.50462963 0.02864583 0.14259259
0.00000000 0.05000000 0.48564815 0.02083333 0.07129630
0.00000000 0.06432292 0.48796296 0.02031250 0.09259259
0.00000000 0.55442708 0.57407407 0.04218750 0.28333333
0.00000000 0.20026042 0.51203704 0.03385417 0.16111111
0.00000000 0.19453125 0.56250000 0.04322917 0.23240741
0.00000000 0.13645833 0.50092593 0.03020833 0.11111111
0.00000000 0.30494792 0.49120370 0.02864583 0.08425926
0.00000000 0.25312500 0.49074074 0.02916667 0.07777778
0.00000000 0.88932292 0.47314815 0.01302083 0.05740741
0.00000000 0.78802083 0.47314815 0.01041667 0.04814815
0.00000000 0.16328125 0.58750000 0.07343750 0.28981481
