0.00000000 0.02187500 0.49722222 0.01354167 0.03703704
0.00000000 0.08515625 0.50694444 0.04010417 0.13981481
0.00000000 0.04765625 0.49675926 0.00989583 0.03611111
0.00000000 0.06223958 0.47962963 0.01822917 0.07592593
0.00000000 0.10755208 0.49027778 0.02552083 0.08796296
0.00000000 0.03203125 0.49351852 0.00989583 0.04259259
0.00000000 0.87630208 0.46990741 0.01406250 0.05277778
0.00000000 0.07734375 0.48333333 0.01406250 0.08148148
0.00000000 0.04609375 0.48611111 0.01822917 0.07037037
0.00000000 0.07005208 0.48888889 0.02552083 0.09074074
0.00000000 0.52734375 0.57731481 0.08072917 0.26203704
0.00000000 0.20625000 0.51342593 0.04479167 0.15277778
0.00000000 0.13671875 0.50370370 0.03072917 0.11851852
0.00000000 0.28906250 0.49027778 0.01875000 0.08611111
0.00000000 0.07005208 0.49444444 0.03489583 0.09629630
0.00000000 0.26354167 0.48796296 0.01250000 0.07777778
0.00000000 0.88020833 0.47222222 0.01875000 0.05555556
0.00000000 0.19921875 0.59212963 0.08489583 0.28611111
