0.00000000 0.02187500 0.49722222 0.01354167 0.03703704
0.00000000 0.08645833 0.50740741 0.04062500 0.13703704
0.00000000 0.04713542 0.49629630 0.00989583 0.03703704
0.00000000 0.05963542 0.48194444 0.02239583 0.07500000
0.00000000 0.10703125 0.48703704 0.02447917 0.08888889
0.00000000 0.03098958 0.49444444 0.00989583 0.04074074
0.00000000 0.19947917 0.49814815 0.03541667 0.12777778
0.00000000 0.03567708 0.48518519 0.01822917 0.07222222
0.00000000 0.07161458 0.48935185 0.02239583 0.09537037
0.00000000 0.49244792 0.56064815 0.04427083 0.25277778
0.00000000 0.21458333 0.51481481 0.03437500 0.15740741
0.00000000 0.20989583 0.57268519 0.04375000 0.24166667
0.00000000 0.13645833 0.50509259 0.03020833 0.11944444
0.00000000 0.27734375 0.49259259 0.02968750 0.08703704
0.00000000 0.05703125 0.49490741 0.03281250 0.10092593
0.00000000 0.27578125 0.48888889 0.02656250 0.07592593
0.00000000 0.25130208 0.58935185 0.08385417 0.29166667
