0.00000000 0.02187500 0.49722222 0.01354167 0.03703704
0.00000000 0.08828125 0.50509259 0.03697917 0.13611111
0.00000000 0.04687500 0.49490741 0.01041667 0.03796296
0.00000000 0.05937500 0.48194444 0.01979167 0.07685185
0.00000000 0.10651042 0.48888889 0.02447917 0.08518519
0.00000000 0.19218750 0.50000000 0.02812500 0.13888889
0.00000000 0.02968750 0.48657407 0.01979167 0.07314815
0.00000000 0.07005208 0.49074074 0.02552083 0.09444444
0.00000000 0.47239583 0.56574074 0.06458333 0.24074074
0.00000000 0.22812500 0.52314815 0.03229167 0.16666667
0.00000000 0.22109375 0.57685185 0.04947917 0.25000000
0.00000000 0.13750000 0.50370370 0.03437500 0.12222222
0.00000000 0.26250000 0.49212963 0.02083333 0.08796296
0.00000000 0.03828125 0.49490741 0.03281250 0.10092593
0.00000000 0.89583333 0.47268519 0.01770833 0.06018519
0.00000000 0.28072917 0.59259259 0.09375000 0.28333333
