0.00000000 0.08828125 0.50694444 0.03489583 0.13240741
0.00000000 0.04713542 0.49583333 0.01093750 0.03796296
0.00000000 0.05911458 0.48240741 0.01927083 0.07592593
0.00000000 0.10442708 0.48750000 0.02447917 0.08611111
0.00000000 0.18828125 0.50370370 0.02760417 0.12962963
0.00000000 0.02864583 0.48425926 0.02395833 0.07407407
0.00000000 0.06927083 0.49166667 0.02395833 0.10000000
0.00000000 0.44947917 0.55370370 0.03645833 0.23703704
0.00000000 0.23203125 0.52592593 0.03177083 0.17407407
0.00000000 0.23020833 0.58888889 0.05000000 0.26111111
0.00000000 0.13854167 0.50509259 0.03541667 0.12314815
0.00000000 0.25468750 0.49351852 0.02604167 0.08518519
0.00000000 0.02656250 0.49629630 0.03750000 0.10185185
0.00000000 0.01067708 0.49629630 0.02031250 0.11481481
0.00000000 0.29505208 0.48611111 0.02239583 0.07407407
0.00000000 0.32812500 0.58287037 0.06145833 0.28425926
