0.00000000 0.08593750 0.50555556 0.03541667 0.13148148
0.00000000 0.04765625 0.49583333 0.01093750 0.03796296
0.00000000 0.05807292 0.48379630 0.01822917 0.07314815
0.00000000 0.10416667 0.48564815 0.02500000 0.08611111
0.00000000 0.18046875 0.50046296 0.02968750 0.13240741
0.00000000 0.03020833 0.48657407 0.02291667 0.07129630
0.00000000 0.06718750 0.49212963 0.02291667 0.09907407
0.00000000 0.42916667 0.55740741 0.06458333 0.22037037
0.00000000 0.23906250 0.52222222 0.04062500 0.17407407
0.00000000 0.23489583 0.58703704 0.05104167 0.26666667
0.00000000 0.13958333 0.50462963 0.03541667 0.12592593
0.00000000 0.00911458 0.49537037 0.01718750 0.10370370
0.00000000 0.02239583 0.49953704 0.04375000 0.10833333
0.00000000 0.30442708 0.48379630 0.01510417 0.07314815
0.00000000 0.35729167 0.58611111 0.09062500 0.27407407
