0.00000000 0.02317708 0.49722222 0.01093750 0.03703704
0.00000000 0.08307292 0.50509259 0.03697917 0.13240741
0.00000000 0.05833333 0.48194444 0.01875000 0.07129630
0.00000000 0.10520833 0.48750000 0.02500000 0.08240741
0.00000000 0.92369792 0.71388889 0.15260417 0.50925926
0.00000000 0.17552083 0.50370370 0.03541667 0.12592593
0.00000000 0.03229167 0.48472222 0.02291667 0.07685185
0.00000000 0.06223958 0.49444444 0.02343750 0.10370370
0.00000000 0.40859375 0.54629630 0.03906250 0.21666667
0.00000000 0.23906250 0.52824074 0.05000000 0.17685185
0.00000000 0.24062500 0.59907407 0.05000000 0.27592593
0.00000000 0.13723958 0.50416667 0.03385417 0.13055556
0.00000000 0.22109375 0.49768519 0.03072917 0.08981481
0.00000000 0.04088542 0.49629630 0.02343750 0.11296296
0.00000000 0.31666667 0.48425926 0.02291667 0.07222222
0.00000000 0.03854167 0.64074074 0.07604167 0.38888889
0.00000000 0.40000000 0.58240741 0.05729167 0.28518519
