0.00000000 0.02187500 0.49722222 0.01354167 0.03703704
0.00000000 0.08359375 0.50370370 0.03489583 0.12037037
0.00000000 0.10494792 0.48425926 0.02447917 0.08333333
0.00000000 0.87708333 0.68101852 0.11145833 0.46759259
0.00000000 0.16979167 0.50092593 0.02916667 0.12592593
0.00000000 0.03489583 0.48379630 0.02604167 0.07129630
0.00000000 0.38854167 0.54351852 0.05208333 0.20000000
0.00000000 0.25364583 0.53287037 0.03541667 0.19537037
0.00000000 0.24895833 0.60000000 0.05208333 0.28518519
0.00000000 0.13697917 0.50648148 0.03229167 0.12962963
0.00000000 0.20703125 0.49722222 0.02135417 0.09259259
0.00000000 0.32473958 0.48194444 0.01718750 0.07129630
0.00000000 0.06562500 0.64259259 0.13020833 0.38888889
0.00000000 0.42682292 0.59120370 0.09635417 0.28240741
